#!/usr/bin/tclsh
	
set data {
49776026 8141 90 00 00
49779515 3489 80 00 00
49780678 1163 90 00 00
49784167 3489 80 00 00
49785330 1163 90 00 00
49788819 3489 80 00 00
49792308 3489 90 00 00
49793471 1163 80 00 00
49794634 1163 90 00 00
49795797 1163 80 00 00
49796960 1163 90 00 00
49800449 3489 80 00 00
49803938 3489 90 00 00
49807427 3489 80 00 00
49810916 3489 90 00 00
49814405 3489 80 00 00
49815568 1163 90 00 00
49819057 3489 80 00 00
49820220 1163 90 00 00
49821383 1163 80 00 00
49824872 3489 90 00 00
49826035 1163 80 00 00
49827198 1163 90 00 00
49830687 3489 80 00 00
49831850 1163 90 00 00
49833013 1163 80 00 00
49836502 3489 90 00 00
49837665 1163 80 00 00
49838828 1163 90 00 00
49842317 3489 80 00 00
49845806 3489 90 00 00
49849295 3489 80 00 00
49850458 1163 90 00 00
49851621 1163 80 00 00
49852784 1163 90 00 00
49853947 1163 80 00 00
49855110 1163 90 00 00
49856273 1163 80 00 00
49859762 3489 90 00 00
49860925 1163 80 00 00
49864414 3489 90 00 00
49865577 1163 80 00 00
49866740 1163 90 00 00
49870229 3489 80 00 00
49871392 1163 90 00 00
49872555 1163 80 00 00
49873718 1163 90 00 00
49877207 3489 80 00 00
49878370 1163 90 00 00
49879533 1163 80 00 00
49880696 1163 90 00 00
49884185 3489 80 00 00
49899840 15655 90 00 00
49903329 3489 80 00 00
49904492 1163 90 00 00
49905655 1163 80 00 00
49906818 1163 90 00 00
49907981 1163 80 00 00
49909144 1163 90 00 00
49910307 1163 80 00 00
49913796 3489 90 00 00
49914959 1163 80 00 00
49918448 3489 90 00 00
49919611 1163 80 00 00
49920774 1163 90 00 00
49924263 3489 80 00 00
49925426 1163 90 00 00
49928915 3489 80 00 00
49932404 3489 90 00 00
49933567 1163 80 00 00
49934730 1163 90 00 00
49938219 3489 80 00 00
49941708 3489 90 00 00
49942871 1163 80 00 00
49944034 1163 90 00 00
49947523 3489 80 00 00
49948686 1163 90 00 00
49949849 1163 80 00 00
49953338 3489 90 00 00
49954501 1163 80 00 00
49962642 8141 90 00 00
49966131 3489 80 00 00
49969620 3489 90 00 00
49970783 1163 80 00 00
49971946 1163 90 00 00
49973109 1163 80 00 00
49974272 1163 90 00 00
49975435 1163 80 00 00
49976598 1163 90 00 00
49977761 1163 80 00 00
49981250 3489 90 00 00
49982413 1163 80 00 00
49990554 8141 90 00 00
49991717 1163 80 00 00
49992880 1163 90 00 00
49996369 3489 80 00 00
49997532 1163 90 00 00
50001021 3489 80 00 00
50002184 1163 90 00 00
50005673 3489 80 00 00
50009162 3489 90 00 00
50010325 1163 80 00 00
50011488 1163 90 00 00
50014977 3489 80 00 00
50018466 3489 90 00 00
50021955 3489 80 00 00
50023118 1163 90 00 00
50024281 1163 80 00 00
50025444 1163 90 00 00
50026607 1163 80 00 00
50027770 1163 90 00 00
50028933 1163 80 00 00
50032422 3489 90 00 00
50035911 3489 80 00 00
50037074 1163 90 00 00
50038237 1163 80 00 00
50039400 1163 90 00 00
50040563 1163 80 00 00
50041726 1163 90 00 00
50042889 1163 80 00 00
50046378 3489 90 00 00
50047541 1163 80 00 00
50051030 3489 90 00 00
50052193 1163 80 00 00
50053356 1163 90 00 00
50056845 3489 80 00 00
50058008 1163 90 00 00
50059171 1163 80 00 00
50062660 3489 90 00 00
50063823 1163 80 00 00
50064986 1163 90 00 00
50068475 3489 80 00 00
50069638 1163 90 00 00
50073127 3489 80 00 00
50076616 3489 90 00 00
50080105 3489 80 00 00
50081268 1163 90 00 00
50084757 3489 80 00 00
50085920 1163 90 00 00
50089409 3489 80 00 00
50092898 3489 90 00 00
50096387 3489 80 00 00
50097550 1163 90 00 00
50098713 1163 80 00 00
50099876 1163 90 00 00
50103365 3489 80 00 00
50104528 1163 90 00 00
50105691 1163 80 00 00
50109180 3489 90 00 00
50112669 3489 80 00 00
50113832 1163 90 00 00
50114995 1163 80 00 00
50116158 1163 90 00 00
50119647 3489 80 00 00
50123136 3489 90 00 00
50126625 3489 80 00 00
50127788 1163 90 00 00
50131277 3489 80 00 00
50132440 1163 90 00 00
50133603 1163 80 00 00
50134766 1163 90 00 00
50135929 1163 80 00 00
50137092 1163 90 00 00
50140581 3489 80 00 00
50141744 1163 90 00 00
50145233 3489 80 00 00
50153374 8141 90 00 00
50156863 3489 80 00 00
50158026 1163 90 00 00
50161515 3489 80 00 00
50165004 3489 90 00 00
50168493 3489 80 00 00
50169656 1163 90 00 00
50170819 1163 80 00 00
50171982 1163 90 00 00
50175471 3489 80 00 00
50176634 1163 90 00 00
50180123 3489 80 00 00
50188264 8141 90 00 00
50189427 1163 80 00 00
50190590 1163 90 00 00
50191753 1163 80 00 00
50192916 1163 90 00 00
50194079 1163 80 00 00
50197568 3489 90 00 00
50201057 3489 80 00 00
50202220 1163 90 00 00
50205709 3489 80 00 00
50206872 1163 90 00 00
50210361 3489 80 00 00
50213850 3489 90 00 00
50217339 3489 80 00 00
50218502 1163 90 00 00
50219665 1163 80 00 00
50223154 3489 90 00 00
50224317 1163 80 00 00
50225480 1163 90 00 00
50226643 1163 80 00 00
50227806 1163 90 00 00
50228969 1163 80 00 00
50230132 1163 90 00 00
50233621 3489 80 00 00
50234784 1163 90 00 00
50235947 1163 80 00 00
50275584 39637 90 00 00
50279073 3489 80 00 00
50282562 3489 90 00 00
50283725 1163 80 00 00
50284888 1163 90 00 00
50286051 1163 80 00 00
50287214 1163 90 00 00
50288377 1163 80 00 00
50289540 1163 90 00 00
50290703 1163 80 00 00
50294192 3489 90 00 00
50295355 1163 80 00 00
50303496 8141 90 00 00
50304659 1163 80 00 00
50305822 1163 90 00 00
50309311 3489 80 00 00
50310474 1163 90 00 00
50313963 3489 80 00 00
50315126 1163 90 00 00
50318615 3489 80 00 00
50322104 3489 90 00 00
50323267 1163 80 00 00
50324430 1163 90 00 00
50327919 3489 80 00 00
50331408 3489 90 00 00
50332571 1163 80 00 00
50333734 1163 90 00 00
50337223 3489 80 00 00
50338386 1163 90 00 00
50341875 3489 80 00 00
50345364 3489 90 00 00
50346527 1163 80 00 00
50347690 1163 90 00 00
50348853 1163 80 00 00
50350016 1163 90 00 00
50351179 1163 80 00 00
50359320 8141 90 00 00
50362809 3489 80 00 00
50366298 3489 90 00 00
50367461 1163 80 00 00
50368624 1163 90 00 00
50369787 1163 80 00 00
50370950 1163 90 00 00
50372113 1163 80 00 00
50373276 1163 90 00 00
50374439 1163 80 00 00
50377928 3489 90 00 00
50379091 1163 80 00 00
50380254 1163 90 00 00
50383743 3489 80 00 00
50387232 3489 90 00 00
50390721 3489 80 00 00
50398862 8141 90 00 00
50402351 3489 80 00 00
50403514 1163 90 00 00
50404677 1163 80 00 00
50405840 1163 90 00 00
50407003 1163 80 00 00
50408166 1163 90 00 00
50409329 1163 80 00 00
50412818 3489 90 00 00
50413981 1163 80 00 00
50415144 1163 90 00 00
50416307 1163 80 00 00
50419796 3489 90 00 00
50423285 3489 80 00 00
50426774 3489 90 00 00
50427937 1163 80 00 00
50431426 3489 90 00 00
50434915 3489 80 00 00
50436078 1163 90 00 00
50439567 3489 80 00 00
50440730 1163 90 00 00
50441893 1163 80 00 00
50443056 1163 90 00 00
50444219 1163 80 00 00
50445382 1163 90 00 00
50448871 3489 80 00 00
50450034 1163 90 00 00
50453523 3489 80 00 00
50461664 8141 90 00 00
50465153 3489 80 00 00
50468642 3489 90 00 00
50469805 1163 80 00 00
50470968 1163 90 00 00
50472131 1163 80 00 00
50473294 1163 90 00 00
50474457 1163 80 00 00
50475620 1163 90 00 00
50476783 1163 80 00 00
50480272 3489 90 00 00
50481435 1163 80 00 00
50489576 8141 90 00 00
50493065 3489 80 00 00
50494228 1163 90 00 00
50495391 1163 80 00 00
50496554 1163 90 00 00
50500043 3489 80 00 00
50501206 1163 90 00 00
50502369 1163 80 00 00
50505858 3489 90 00 00
50507021 1163 80 00 00
50508184 1163 90 00 00
50511673 3489 80 00 00
50512836 1163 90 00 00
50513999 1163 80 00 00
50515162 1163 90 00 00
50516325 1163 80 00 00
50519814 3489 90 00 00
50520977 1163 80 00 00
50522140 1163 90 00 00
50525629 3489 80 00 00
50529118 3489 90 00 00
50530281 1163 80 00 00
50531444 1163 90 00 00
50534933 3489 80 00 00
50536096 1163 90 00 00
50539585 3489 80 00 00
50543074 3489 90 00 00
50544237 1163 80 00 00
50545400 1163 90 00 00
50546563 1163 80 00 00
50547726 1163 90 00 00
50548889 1163 80 00 00
50557030 8141 90 00 00
50560519 3489 80 00 00
50564008 3489 90 00 00
50565171 1163 80 00 00
50566334 1163 90 00 00
50567497 1163 80 00 00
50568660 1163 90 00 00
50569823 1163 80 00 00
50570986 1163 90 00 00
50572149 1163 80 00 00
50575638 3489 90 00 00
50576801 1163 80 00 00
50577964 1163 90 00 00
50581453 3489 80 00 00
50584942 3489 90 00 00
50588431 3489 80 00 00
50596572 8141 90 00 00
50600061 3489 80 00 00
50601224 1163 90 00 00
50602387 1163 80 00 00
50603550 1163 90 00 00
50607039 3489 80 00 00
50608202 1163 90 00 00
50609365 1163 80 00 00
50612854 3489 90 00 00
50614017 1163 80 00 00
50615180 1163 90 00 00
50618669 3489 80 00 00
50622158 3489 90 00 00
50625647 3489 80 00 00
50629136 3489 90 00 00
50632625 3489 80 00 00
50633788 1163 90 00 00
50634951 1163 80 00 00
50636114 1163 90 00 00
50639603 3489 80 00 00
50640766 1163 90 00 00
50641929 1163 80 00 00
50645418 3489 90 00 00
50646581 1163 80 00 00
50647744 1163 90 00 00
50648907 1163 80 00 00
50650070 1163 90 00 00
50651233 1163 80 00 00
50652396 1163 90 00 00
50653559 1163 80 00 00
50657048 3489 90 00 00
50658211 1163 80 00 00
50659374 1163 90 00 00
50660537 1163 80 00 00
50661700 1163 90 00 00
50662863 1163 80 00 00
50664026 1163 90 00 00
50667515 3489 80 00 00
50668678 1163 90 00 00
50669841 1163 80 00 00
50680128 10287 90 00 00
50683617 3489 80 00 00
50684780 1163 90 00 00
50685943 1163 80 00 00
50687106 1163 90 00 00
50688269 1163 80 00 00
50689432 1163 90 00 00
50690595 1163 80 00 00
50694084 3489 90 00 00
50695247 1163 80 00 00
50698736 3489 90 00 00
50699899 1163 80 00 00
50701062 1163 90 00 00
50704551 3489 80 00 00
50705714 1163 90 00 00
50709203 3489 80 00 00
50712692 3489 90 00 00
50713855 1163 80 00 00
50715018 1163 90 00 00
50718507 3489 80 00 00
50721996 3489 90 00 00
50723159 1163 80 00 00
50724322 1163 90 00 00
50727811 3489 80 00 00
50728974 1163 90 00 00
50730137 1163 80 00 00
50733626 3489 90 00 00
50734789 1163 80 00 00
50742930 8141 90 00 00
50746419 3489 80 00 00
50749908 3489 90 00 00
50751071 1163 80 00 00
50752234 1163 90 00 00
50753397 1163 80 00 00
50754560 1163 90 00 00
50755723 1163 80 00 00
50756886 1163 90 00 00
50758049 1163 80 00 00
50761538 3489 90 00 00
50762701 1163 80 00 00
50770842 8141 90 00 00
50772005 1163 80 00 00
50773168 1163 90 00 00
50776657 3489 80 00 00
50777820 1163 90 00 00
50781309 3489 80 00 00
50782472 1163 90 00 00
50785961 3489 80 00 00
50789450 3489 90 00 00
50790613 1163 80 00 00
50791776 1163 90 00 00
50792939 1163 80 00 00
50794102 1163 90 00 00
50797591 3489 80 00 00
50801080 3489 90 00 00
50804569 3489 80 00 00
50805732 1163 90 00 00
50806895 1163 80 00 00
50808058 1163 90 00 00
50809221 1163 80 00 00
50810384 1163 90 00 00
50811547 1163 80 00 00
50815036 3489 90 00 00
50816199 1163 80 00 00
50817362 1163 90 00 00
50820851 3489 80 00 00
50822014 1163 90 00 00
50825503 3489 80 00 00
50826666 1163 90 00 00
50830155 3489 80 00 00
50833644 3489 90 00 00
50834807 1163 80 00 00
50835970 1163 90 00 00
50837133 1163 80 00 00
50838296 1163 90 00 00
50841785 3489 80 00 00
50845274 3489 90 00 00
50848763 3489 80 00 00
50849926 1163 90 00 00
50851089 1163 80 00 00
50852252 1163 90 00 00
50853415 1163 80 00 00
50854578 1163 90 00 00
50855741 1163 80 00 00
50863882 8141 90 00 00
50867371 3489 80 00 00
50868534 1163 90 00 00
50869697 1163 80 00 00
50870860 1163 90 00 00
50872023 1163 80 00 00
50873186 1163 90 00 00
50874349 1163 80 00 00
50877838 3489 90 00 00
50879001 1163 80 00 00
50880164 1163 90 00 00
50881327 1163 80 00 00
50884816 3489 90 00 00
50885979 1163 80 00 00
50887142 1163 90 00 00
50890631 3489 80 00 00
50891794 1163 90 00 00
50892957 1163 80 00 00
50896446 3489 90 00 00
50899935 3489 80 00 00
50901098 1163 90 00 00
50902261 1163 80 00 00
50903424 1163 90 00 00
50904587 1163 80 00 00
50908076 3489 90 00 00
50911565 3489 80 00 00
50912728 1163 90 00 00
50916217 3489 80 00 00
50917380 1163 90 00 00
50918543 1163 80 00 00
50919706 1163 90 00 00
50920869 1163 80 00 00
50922032 1163 90 00 00
50925521 3489 80 00 00
50926684 1163 90 00 00
50930173 3489 80 00 00
50938314 8141 90 00 00
50939477 1163 80 00 00
50940640 1163 90 00 00
50944129 3489 80 00 00
50947618 3489 90 00 00
50951107 3489 80 00 00
50952270 1163 90 00 00
50953433 1163 80 00 00
50956922 3489 90 00 00
50960411 3489 80 00 00
50961574 1163 90 00 00
50962737 1163 80 00 00
50963900 1163 90 00 00
50965063 1163 80 00 00
50973204 8141 90 00 00
50974367 1163 80 00 00
50975530 1163 90 00 00
50976693 1163 80 00 00
50977856 1163 90 00 00
50979019 1163 80 00 00
50982508 3489 90 00 00
50983671 1163 80 00 00
50984834 1163 90 00 00
50985997 1163 80 00 00
50987160 1163 90 00 00
50988323 1163 80 00 00
50989486 1163 90 00 00
50990649 1163 80 00 00
50994138 3489 90 00 00
50995301 1163 80 00 00
50996464 1163 90 00 00
50997627 1163 80 00 00
50998790 1163 90 00 00
51002279 3489 80 00 00
51005768 3489 90 00 00
51009257 3489 80 00 00
51010420 1163 90 00 00
51011583 1163 80 00 00
51051008 39425 90 00 00
51054497 3489 80 00 00
51057986 3489 90 00 00
51059149 1163 80 00 00
51060312 1163 90 00 00
51061475 1163 80 00 00
51062638 1163 90 00 00
51063801 1163 80 00 00
51064964 1163 90 00 00
51066127 1163 80 00 00
51069616 3489 90 00 00
51070779 1163 80 00 00
51078920 8141 90 00 00
51080083 1163 80 00 00
51081246 1163 90 00 00
51082409 1163 80 00 00
51083572 1163 90 00 00
51087061 3489 80 00 00
51088224 1163 90 00 00
51089387 1163 80 00 00
51092876 3489 90 00 00
51094039 1163 80 00 00
51095202 1163 90 00 00
51098691 3489 80 00 00
51099854 1163 90 00 00
51101017 1163 80 00 00
51104506 3489 90 00 00
51105669 1163 80 00 00
51106832 1163 90 00 00
51107995 1163 80 00 00
51109158 1163 90 00 00
51112647 3489 80 00 00
51116136 3489 90 00 00
51119625 3489 80 00 00
51120788 1163 90 00 00
51124277 3489 80 00 00
51127766 3489 90 00 00
51128929 1163 80 00 00
51130092 1163 90 00 00
51131255 1163 80 00 00
51134744 3489 90 00 00
51138233 3489 80 00 00
51139396 1163 90 00 00
51142885 3489 80 00 00
51144048 1163 90 00 00
51147537 3489 80 00 00
51151026 3489 90 00 00
51152189 1163 80 00 00
51153352 1163 90 00 00
51154515 1163 80 00 00
51155678 1163 90 00 00
51159167 3489 80 00 00
51162656 3489 90 00 00
51163819 1163 80 00 00
51164982 1163 90 00 00
51166145 1163 80 00 00
51167308 1163 90 00 00
51168471 1163 80 00 00
51176612 8141 90 00 00
51180101 3489 80 00 00
51181264 1163 90 00 00
51182427 1163 80 00 00
51183590 1163 90 00 00
51184753 1163 80 00 00
51185916 1163 90 00 00
51187079 1163 80 00 00
51190568 3489 90 00 00
51191731 1163 80 00 00
51192894 1163 90 00 00
51196383 3489 80 00 00
51199872 3489 90 00 00
51203361 3489 80 00 00
51204524 1163 90 00 00
51205687 1163 80 00 00
51209176 3489 90 00 00
51212665 3489 80 00 00
51213828 1163 90 00 00
51214991 1163 80 00 00
51216154 1163 90 00 00
51217317 1163 80 00 00
51220806 3489 90 00 00
51221969 1163 80 00 00
51225458 3489 90 00 00
51226621 1163 80 00 00
51227784 1163 90 00 00
51231273 3489 80 00 00
51232436 1163 90 00 00
51233599 1163 80 00 00
51237088 3489 90 00 00
51238251 1163 80 00 00
51239414 1163 90 00 00
51240577 1163 80 00 00
51241740 1163 90 00 00
51242903 1163 80 00 00
51246392 3489 90 00 00
51249881 3489 80 00 00
51251044 1163 90 00 00
51252207 1163 80 00 00
51255696 3489 90 00 00
51256859 1163 80 00 00
51258022 1163 90 00 00
51261511 3489 80 00 00
51265000 3489 90 00 00
51268489 3489 80 00 00
51271978 3489 90 00 00
51275467 3489 80 00 00
51276630 1163 90 00 00
51277793 1163 80 00 00
51278956 1163 90 00 00
51282445 3489 80 00 00
51283608 1163 90 00 00
51284771 1163 80 00 00
51288260 3489 90 00 00
51289423 1163 80 00 00
51290586 1163 90 00 00
51291749 1163 80 00 00
51292912 1163 90 00 00
51294075 1163 80 00 00
51295238 1163 90 00 00
51296401 1163 80 00 00
51299890 3489 90 00 00
51301053 1163 80 00 00
51302216 1163 90 00 00
51303379 1163 80 00 00
51304542 1163 90 00 00
51305705 1163 80 00 00
51306868 1163 90 00 00
51310357 3489 80 00 00
51311520 1163 90 00 00
51312683 1163 80 00 00
51330368 17685 90 00 00
51331531 1163 80 00 00
51332694 1163 90 00 00
51333857 1163 80 00 00
51335020 1163 90 00 00
51336183 1163 80 00 00
51337346 1163 90 00 00
51338509 1163 80 00 00
51341998 3489 90 00 00
51343161 1163 80 00 00
51351302 8141 90 00 00
51354791 3489 80 00 00
51358280 3489 90 00 00
51361769 3489 80 00 00
51362932 1163 90 00 00
51366421 3489 80 00 00
51367584 1163 90 00 00
51371073 3489 80 00 00
51374562 3489 90 00 00
51378051 3489 80 00 00
51379214 1163 90 00 00
51382703 3489 80 00 00
51383866 1163 90 00 00
51387355 3489 80 00 00
51390844 3489 90 00 00
51394333 3489 80 00 00
51395496 1163 90 00 00
51396659 1163 80 00 00
51397822 1163 90 00 00
51401311 3489 80 00 00
51409452 8141 90 00 00
51410615 1163 80 00 00
51411778 1163 90 00 00
51412941 1163 80 00 00
51414104 1163 90 00 00
51415267 1163 80 00 00
51416430 1163 90 00 00
51417593 1163 80 00 00
51421082 3489 90 00 00
51422245 1163 80 00 00
51423408 1163 90 00 00
51424571 1163 80 00 00
51428060 3489 90 00 00
51429223 1163 80 00 00
51430386 1163 90 00 00
51431549 1163 80 00 00
51432712 1163 90 00 00
51433875 1163 80 00 00
51442016 8141 90 00 00
51443179 1163 80 00 00
51444342 1163 90 00 00
51445505 1163 80 00 00
51446668 1163 90 00 00
51447831 1163 80 00 00
51448994 1163 90 00 00
51452483 3489 80 00 00
51455972 3489 90 00 00
51459461 3489 80 00 00
51460624 1163 90 00 00
51464113 3489 80 00 00
51465276 1163 90 00 00
51468765 3489 80 00 00
51472254 3489 90 00 00
51473417 1163 80 00 00
51474580 1163 90 00 00
51478069 3489 80 00 00
51479232 1163 90 00 00
51480395 1163 80 00 00
51483884 3489 90 00 00
51485047 1163 80 00 00
51486210 1163 90 00 00
51489699 3489 80 00 00
51490862 1163 90 00 00
51494351 3489 80 00 00
51495514 1163 90 00 00
51496677 1163 80 00 00
51500166 3489 90 00 00
51501329 1163 80 00 00
51502492 1163 90 00 00
51505981 3489 80 00 00
51509470 3489 90 00 00
51510633 1163 80 00 00
51511796 1163 90 00 00
51515285 3489 80 00 00
51516448 1163 90 00 00
51517611 1163 80 00 00
51518774 1163 90 00 00
51519937 1163 80 00 00
51528078 8141 90 00 00
51529241 1163 80 00 00
51530404 1163 90 00 00
51531567 1163 80 00 00
51532730 1163 90 00 00
51533893 1163 80 00 00
51537382 3489 90 00 00
51538545 1163 80 00 00
51539708 1163 90 00 00
51543197 3489 80 00 00
51544360 1163 90 00 00
51547849 3489 80 00 00
51551338 3489 90 00 00
51554827 3489 80 00 00
51555990 1163 90 00 00
51559479 3489 80 00 00
51560642 1163 90 00 00
51564131 3489 80 00 00
51567620 3489 90 00 00
51568783 1163 80 00 00
51569946 1163 90 00 00
51573435 3489 80 00 00
51574598 1163 90 00 00
51575761 1163 80 00 00
51579250 3489 90 00 00
51582739 3489 80 00 00
51583902 1163 90 00 00
51585065 1163 80 00 00
51586228 1163 90 00 00
51587391 1163 80 00 00
51595532 8141 90 00 00
51596695 1163 80 00 00
51597858 1163 90 00 00
51599021 1163 80 00 00
51602510 3489 90 00 00
51605999 3489 80 00 00
51607162 1163 90 00 00
51608325 1163 80 00 00
51616466 8141 90 00 00
51617629 1163 80 00 00
51618792 1163 90 00 00
51619955 1163 80 00 00
51621118 1163 90 00 00
51622281 1163 80 00 00
51623444 1163 90 00 00
51624607 1163 80 00 00
51628096 3489 90 00 00
51629259 1163 80 00 00
51630422 1163 90 00 00
51633911 3489 80 00 00
51637400 3489 90 00 00
51640889 3489 80 00 00
51642052 1163 90 00 00
51643215 1163 80 00 00
51646704 3489 90 00 00
51650193 3489 80 00 00
51651356 1163 90 00 00
51652519 1163 80 00 00
51653682 1163 90 00 00
51654845 1163 80 00 00
51658334 3489 90 00 00
51661823 3489 80 00 00
51662986 1163 90 00 00
51664149 1163 80 00 00
51665312 1163 90 00 00
51668801 3489 80 00 00
51669964 1163 90 00 00
51671127 1163 80 00 00
51672290 1163 90 00 00
51675779 3489 80 00 00
51676942 1163 90 00 00
51678105 1163 80 00 00
51715584 37479 90 00 00
51716747 1163 80 00 00
51717910 1163 90 00 00
51721399 3489 80 00 00
51722562 1163 90 00 00
51723725 1163 80 00 00
51724888 1163 90 00 00
51726051 1163 80 00 00
51729540 3489 90 00 00
51733029 3489 80 00 00
51734192 1163 90 00 00
51737681 3489 80 00 00
51738844 1163 90 00 00
51742333 3489 80 00 00
51745822 3489 90 00 00
51749311 3489 80 00 00
51750474 1163 90 00 00
51751637 1163 80 00 00
51755126 3489 90 00 00
51758615 3489 80 00 00
51759778 1163 90 00 00
51763267 3489 80 00 00
51764430 1163 90 00 00
51765593 1163 80 00 00
51773734 8141 90 00 00
51777223 3489 80 00 00
51780712 3489 90 00 00
51781875 1163 80 00 00
51783038 1163 90 00 00
51784201 1163 80 00 00
51787690 3489 90 00 00
51791179 3489 80 00 00
51792342 1163 90 00 00
51795831 3489 80 00 00
51799320 3489 90 00 00
51800483 1163 80 00 00
51808624 8141 90 00 00
51812113 3489 80 00 00
51815602 3489 90 00 00
51816765 1163 80 00 00
51817928 1163 90 00 00
51819091 1163 80 00 00
51820254 1163 90 00 00
51821417 1163 80 00 00
51822580 1163 90 00 00
51823743 1163 80 00 00
51827232 3489 90 00 00
51828395 1163 80 00 00
51836536 8141 90 00 00
51840025 3489 80 00 00
51841188 1163 90 00 00
51844677 3489 80 00 00
51848166 3489 90 00 00
51849329 1163 80 00 00
51850492 1163 90 00 00
51853981 3489 80 00 00
51857470 3489 90 00 00
51860959 3489 80 00 00
51862122 1163 90 00 00
51863285 1163 80 00 00
51866774 3489 90 00 00
51870263 3489 80 00 00
51871426 1163 90 00 00
51872589 1163 80 00 00
51873752 1163 90 00 00
51874915 1163 80 00 00
51876078 1163 90 00 00
51879567 3489 80 00 00
51883056 3489 90 00 00
51886545 3489 80 00 00
51887708 1163 90 00 00
51891197 3489 80 00 00
51892360 1163 90 00 00
51895849 3489 80 00 00
51899338 3489 90 00 00
51902827 3489 80 00 00
51903990 1163 90 00 00
51907479 3489 80 00 00
51910968 3489 90 00 00
51912131 1163 80 00 00
51920272 8141 90 00 00
51921435 1163 80 00 00
51922598 1163 90 00 00
51923761 1163 80 00 00
51924924 1163 90 00 00
51928413 3489 80 00 00
51929576 1163 90 00 00
51930739 1163 80 00 00
51934228 3489 90 00 00
51937717 3489 80 00 00
51938880 1163 90 00 00
51942369 3489 80 00 00
51943532 1163 90 00 00
51947021 3489 80 00 00
51950510 3489 90 00 00
51951673 1163 80 00 00
51959814 8141 90 00 00
51960977 1163 80 00 00
51962140 1163 90 00 00
51963303 1163 80 00 00
51964466 1163 90 00 00
51965629 1163 80 00 00
51966792 1163 90 00 00
51967955 1163 80 00 00
51971444 3489 90 00 00
51972607 1163 80 00 00
51980748 8141 90 00 00
51981911 1163 80 00 00
51983074 1163 90 00 00
51984237 1163 80 00 00
51985400 1163 90 00 00
51986563 1163 80 00 00
51990052 3489 90 00 00
51993541 3489 80 00 00
51994704 1163 90 00 00
51998193 3489 80 00 00
51999356 1163 90 00 00
52002845 3489 80 00 00
52006334 3489 90 00 00
52007497 1163 80 00 00
52008660 1163 90 00 00
52009823 1163 80 00 00
52010986 1163 90 00 00
52014475 3489 80 00 00
52017964 3489 90 00 00
52021453 3489 80 00 00
52022616 1163 90 00 00
52026105 3489 80 00 00
52027268 1163 90 00 00
52028431 1163 80 00 00
52031920 3489 90 00 00
52033083 1163 80 00 00
52034246 1163 90 00 00
52035409 1163 80 00 00
52036572 1163 90 00 00
52037735 1163 80 00 00
52038898 1163 90 00 00
52040061 1163 80 00 00
52043550 3489 90 00 00
52047039 3489 80 00 00
52057472 10433 90 00 00
52058635 1163 80 00 00
52059798 1163 90 00 00
52060961 1163 80 00 00
52062124 1163 90 00 00
52063287 1163 80 00 00
52066776 3489 90 00 00
52070265 3489 80 00 00
52071428 1163 90 00 00
52074917 3489 80 00 00
52076080 1163 90 00 00
52079569 3489 80 00 00
52087710 8141 90 00 00
52088873 1163 80 00 00
52090036 1163 90 00 00
52093525 3489 80 00 00
52094688 1163 90 00 00
52095851 1163 80 00 00
52099340 3489 90 00 00
52100503 1163 80 00 00
52103992 3489 90 00 00
52105155 1163 80 00 00
52106318 1163 90 00 00
52107481 1163 80 00 00
52108644 1163 90 00 00
52109807 1163 80 00 00
52113296 3489 90 00 00
52116785 3489 80 00 00
52120274 3489 90 00 00
52121437 1163 80 00 00
52124926 3489 90 00 00
52128415 3489 80 00 00
52129578 1163 90 00 00
52130741 1163 80 00 00
52131904 1163 90 00 00
52133067 1163 80 00 00
52141208 8141 90 00 00
52142371 1163 80 00 00
52143534 1163 90 00 00
52144697 1163 80 00 00
52145860 1163 90 00 00
52147023 1163 80 00 00
52148186 1163 90 00 00
52149349 1163 80 00 00
52152838 3489 90 00 00
52154001 1163 80 00 00
52162142 8141 90 00 00
52165631 3489 80 00 00
52166794 1163 90 00 00
52167957 1163 80 00 00
52169120 1163 90 00 00
52170283 1163 80 00 00
52171446 1163 90 00 00
52172609 1163 80 00 00
52176098 3489 90 00 00
52179587 3489 80 00 00
52180750 1163 90 00 00
52181913 1163 80 00 00
52183076 1163 90 00 00
52186565 3489 80 00 00
52187728 1163 90 00 00
52191217 3489 80 00 00
52199358 8141 90 00 00
52202847 3489 80 00 00
52206336 3489 90 00 00
52207499 1163 80 00 00
52208662 1163 90 00 00
52209825 1163 80 00 00
52210988 1163 90 00 00
52212151 1163 80 00 00
52213314 1163 90 00 00
52214477 1163 80 00 00
52217966 3489 90 00 00
52219129 1163 80 00 00
52227270 8141 90 00 00
52230759 3489 80 00 00
52234248 3489 90 00 00
52235411 1163 80 00 00
52236574 1163 90 00 00
52237737 1163 80 00 00
52238900 1163 90 00 00
52242389 3489 80 00 00
52245878 3489 90 00 00
52249367 3489 80 00 00
52250530 1163 90 00 00
52254019 3489 80 00 00
52257508 3489 90 00 00
52260997 3489 80 00 00
52264486 3489 90 00 00
52265649 1163 80 00 00
52266812 1163 90 00 00
52267975 1163 80 00 00
52269138 1163 90 00 00
52272627 3489 80 00 00
52276116 3489 90 00 00
52279605 3489 80 00 00
52280768 1163 90 00 00
52284257 3489 80 00 00
52292398 8141 90 00 00
52295887 3489 80 00 00
52299376 3489 90 00 00
52300539 1163 80 00 00
52301702 1163 90 00 00
52305191 3489 80 00 00
52306354 1163 90 00 00
52307517 1163 80 00 00
52311006 3489 90 00 00
52312169 1163 80 00 00
52315658 3489 90 00 00
52316821 1163 80 00 00
52356032 39211 90 00 00
52357195 1163 80 00 00
52358358 1163 90 00 00
52361847 3489 80 00 00
52365336 3489 90 00 00
52368825 3489 80 00 00
52369988 1163 90 00 00
52371151 1163 80 00 00
52374640 3489 90 00 00
52378129 3489 80 00 00
52379292 1163 90 00 00
52380455 1163 80 00 00
52381618 1163 90 00 00
52382781 1163 80 00 00
52390922 8141 90 00 00
52392085 1163 80 00 00
52393248 1163 90 00 00
52394411 1163 80 00 00
52395574 1163 90 00 00
52396737 1163 80 00 00
52400226 3489 90 00 00
52403715 3489 80 00 00
52407204 3489 90 00 00
52410693 3489 80 00 00
52411856 1163 90 00 00
52415345 3489 80 00 00
52416508 1163 90 00 00
52419997 3489 80 00 00
52423486 3489 90 00 00
52426975 3489 80 00 00
52428138 1163 90 00 00
52431627 3489 80 00 00
52432790 1163 90 00 00
52436279 3489 80 00 00
52439768 3489 90 00 00
52443257 3489 80 00 00
52444420 1163 90 00 00
52445583 1163 80 00 00
52446746 1163 90 00 00
52447909 1163 80 00 00
52456050 8141 90 00 00
52457213 1163 80 00 00
52458376 1163 90 00 00
52461865 3489 80 00 00
52465354 3489 90 00 00
52466517 1163 80 00 00
52467680 1163 90 00 00
52471169 3489 80 00 00
52472332 1163 90 00 00
52475821 3489 80 00 00
52479310 3489 90 00 00
52480473 1163 80 00 00
52481636 1163 90 00 00
52482799 1163 80 00 00
52483962 1163 90 00 00
52485125 1163 80 00 00
52486288 1163 90 00 00
52487451 1163 80 00 00
52490940 3489 90 00 00
52492103 1163 80 00 00
52493266 1163 90 00 00
52494429 1163 80 00 00
52497918 3489 90 00 00
52499081 1163 80 00 00
52500244 1163 90 00 00
52503733 3489 80 00 00
52504896 1163 90 00 00
52506059 1163 80 00 00
52507222 1163 90 00 00
52508385 1163 80 00 00
52511874 3489 90 00 00
52513037 1163 80 00 00
52521178 8141 90 00 00
52522341 1163 80 00 00
52523504 1163 90 00 00
52524667 1163 80 00 00
52528156 3489 90 00 00
52531645 3489 80 00 00
52532808 1163 90 00 00
52533971 1163 80 00 00
52542112 8141 90 00 00
52545601 3489 80 00 00
52549090 3489 90 00 00
52550253 1163 80 00 00
52551416 1163 90 00 00
52552579 1163 80 00 00
52553742 1163 90 00 00
52554905 1163 80 00 00
52556068 1163 90 00 00
52557231 1163 80 00 00
52560720 3489 90 00 00
52564209 3489 80 00 00
52565372 1163 90 00 00
52568861 3489 80 00 00
52570024 1163 90 00 00
52573513 3489 80 00 00
52577002 3489 90 00 00
52578165 1163 80 00 00
52579328 1163 90 00 00
52580491 1163 80 00 00
52581654 1163 90 00 00
52585143 3489 80 00 00
52588632 3489 90 00 00
52592121 3489 80 00 00
52593284 1163 90 00 00
52596773 3489 80 00 00
52597936 1163 90 00 00
52599099 1163 80 00 00
52602588 3489 90 00 00
52603751 1163 80 00 00
52604914 1163 90 00 00
52606077 1163 80 00 00
52607240 1163 90 00 00
52608403 1163 80 00 00
52609566 1163 90 00 00
52610729 1163 80 00 00
52614218 3489 90 00 00
52617707 3489 80 00 00
52621196 3489 90 00 00
52622359 1163 80 00 00
52623522 1163 90 00 00
52627011 3489 80 00 00
52628174 1163 90 00 00
52629337 1163 80 00 00
52630500 1163 90 00 00
52633989 3489 80 00 00
52635152 1163 90 00 00
52636315 1163 80 00 00
52637478 1163 90 00 00
52640967 3489 80 00 00
52654592 13625 90 00 00
52655755 1163 80 00 00
52656918 1163 90 00 00
52660407 3489 80 00 00
52663896 3489 90 00 00
52667385 3489 80 00 00
52668548 1163 90 00 00
52669711 1163 80 00 00
52673200 3489 90 00 00
52676689 3489 80 00 00
52677852 1163 90 00 00
52679015 1163 80 00 00
52680178 1163 90 00 00
52681341 1163 80 00 00
52684830 3489 90 00 00
52688319 3489 80 00 00
52689482 1163 90 00 00
52692971 3489 80 00 00
52694134 1163 90 00 00
52695297 1163 80 00 00
52696460 1163 90 00 00
52697623 1163 80 00 00
52698786 1163 90 00 00
52702275 3489 80 00 00
52703438 1163 90 00 00
52706927 3489 80 00 00
52715068 8141 90 00 00
52716231 1163 80 00 00
52717394 1163 90 00 00
52720883 3489 80 00 00
52724372 3489 90 00 00
52725535 1163 80 00 00
52726698 1163 90 00 00
52727861 1163 80 00 00
52729024 1163 90 00 00
52730187 1163 80 00 00
52738328 8141 90 00 00
52739491 1163 80 00 00
52740654 1163 90 00 00
52741817 1163 80 00 00
52745306 3489 90 00 00
52748795 3489 80 00 00
52749958 1163 90 00 00
52751121 1163 80 00 00
52759262 8141 90 00 00
52760425 1163 80 00 00
52761588 1163 90 00 00
52762751 1163 80 00 00
52763914 1163 90 00 00
52767403 3489 80 00 00
52770892 3489 90 00 00
52772055 1163 80 00 00
52773218 1163 90 00 00
52774381 1163 80 00 00
52775544 1163 90 00 00
52779033 3489 80 00 00
52780196 1163 90 00 00
52781359 1163 80 00 00
52784848 3489 90 00 00
52786011 1163 80 00 00
52787174 1163 90 00 00
52788337 1163 80 00 00
52789500 1163 90 00 00
52792989 3489 80 00 00
52794152 1163 90 00 00
52795315 1163 80 00 00
52798804 3489 90 00 00
52799967 1163 80 00 00
52801130 1163 90 00 00
52802293 1163 80 00 00
52805782 3489 90 00 00
52806945 1163 80 00 00
52808108 1163 90 00 00
52809271 1163 80 00 00
52810434 1163 90 00 00
52811597 1163 80 00 00
52815086 3489 90 00 00
52816249 1163 80 00 00
52817412 1163 90 00 00
52818575 1163 80 00 00
52819738 1163 90 00 00
52820901 1163 80 00 00
52822064 1163 90 00 00
52823227 1163 80 00 00
52831368 8141 90 00 00
52834857 3489 80 00 00
52838346 3489 90 00 00
52839509 1163 80 00 00
52840672 1163 90 00 00
52841835 1163 80 00 00
52842998 1163 90 00 00
52844161 1163 80 00 00
52845324 1163 90 00 00
52846487 1163 80 00 00
52849976 3489 90 00 00
52853465 3489 80 00 00
52854628 1163 90 00 00
52858117 3489 80 00 00
52859280 1163 90 00 00
52862769 3489 80 00 00
52866258 3489 90 00 00
52867421 1163 80 00 00
52868584 1163 90 00 00
52869747 1163 80 00 00
52870910 1163 90 00 00
52874399 3489 80 00 00
52877888 3489 90 00 00
52881377 3489 80 00 00
52882540 1163 90 00 00
52886029 3489 80 00 00
52887192 1163 90 00 00
52888355 1163 80 00 00
52891844 3489 90 00 00
52893007 1163 80 00 00
52894170 1163 90 00 00
52895333 1163 80 00 00
52896496 1163 90 00 00
52897659 1163 80 00 00
52898822 1163 90 00 00
52899985 1163 80 00 00
52903474 3489 90 00 00
52906963 3489 80 00 00
52915104 8141 90 00 00
52916267 1163 80 00 00
52917430 1163 90 00 00
52918593 1163 80 00 00
52919756 1163 90 00 00
52920919 1163 80 00 00
52922082 1163 90 00 00
52923245 1163 80 00 00
52926734 3489 90 00 00
52927897 1163 80 00 00
52936038 8141 90 00 00
52937201 1163 80 00 00
52938364 1163 90 00 00
52939527 1163 80 00 00
52940690 1163 90 00 00
52941853 1163 80 00 00
52945342 3489 90 00 00
52948831 3489 80 00 00
52952320 3489 90 00 00
52955809 3489 80 00 00
52956972 1163 90 00 00
52960461 3489 80 00 00
52961624 1163 90 00 00
52965113 3489 80 00 00
52968602 3489 90 00 00
52972091 3489 80 00 00
52973254 1163 90 00 00
52976743 3489 80 00 00
52977906 1163 90 00 00
52981395 3489 80 00 00
52984884 3489 90 00 00
52988373 3489 80 00 00
52989536 1163 90 00 00
52990699 1163 80 00 00
52991862 1163 90 00 00
52993025 1163 80 00 00
52996514 3489 90 00 00
53000003 3489 80 00 00
53001166 1163 90 00 00
53004655 3489 80 00 00
53005818 1163 90 00 00
53006981 1163 80 00 00
53008144 1163 90 00 00
53009307 1163 80 00 00
53010470 1163 90 00 00
53013959 3489 80 00 00
53015122 1163 90 00 00
53018611 3489 80 00 00
53054664 36053 90 00 00
53058153 3489 80 00 00
53061642 3489 90 00 00
53062805 1163 80 00 00
53063968 1163 90 00 00
53065131 1163 80 00 00
53066294 1163 90 00 00
53067457 1163 80 00 00
53068620 1163 90 00 00
53069783 1163 80 00 00
53073272 3489 90 00 00
53074435 1163 80 00 00
53082576 8141 90 00 00
53083739 1163 80 00 00
53084902 1163 90 00 00
53088391 3489 80 00 00
53089554 1163 90 00 00
53093043 3489 80 00 00
53094206 1163 90 00 00
53097695 3489 80 00 00
53101184 3489 90 00 00
53102347 1163 80 00 00
53103510 1163 90 00 00
53106999 3489 80 00 00
53110488 3489 90 00 00
53113977 3489 80 00 00
53115140 1163 90 00 00
53116303 1163 80 00 00
53117466 1163 90 00 00
53118629 1163 80 00 00
53119792 1163 90 00 00
53120955 1163 80 00 00
53124444 3489 90 00 00
53127933 3489 80 00 00
53129096 1163 90 00 00
53130259 1163 80 00 00
53131422 1163 90 00 00
53132585 1163 80 00 00
53133748 1163 90 00 00
53134911 1163 80 00 00
53138400 3489 90 00 00
53139563 1163 80 00 00
53143052 3489 90 00 00
53144215 1163 80 00 00
53145378 1163 90 00 00
53148867 3489 80 00 00
53150030 1163 90 00 00
53151193 1163 80 00 00
53154682 3489 90 00 00
53155845 1163 80 00 00
53157008 1163 90 00 00
53160497 3489 80 00 00
53161660 1163 90 00 00
53165149 3489 80 00 00
53168638 3489 90 00 00
53172127 3489 80 00 00
53173290 1163 90 00 00
53176779 3489 80 00 00
53177942 1163 90 00 00
53181431 3489 80 00 00
53184920 3489 90 00 00
53188409 3489 80 00 00
53189572 1163 90 00 00
53190735 1163 80 00 00
53191898 1163 90 00 00
53195387 3489 80 00 00
53196550 1163 90 00 00
53197713 1163 80 00 00
53201202 3489 90 00 00
53204691 3489 80 00 00
53205854 1163 90 00 00
53207017 1163 80 00 00
53208180 1163 90 00 00
53211669 3489 80 00 00
53215158 3489 90 00 00
53218647 3489 80 00 00
53219810 1163 90 00 00
53223299 3489 80 00 00
53224462 1163 90 00 00
53225625 1163 80 00 00
53226788 1163 90 00 00
53227951 1163 80 00 00
53229114 1163 90 00 00
53232603 3489 80 00 00
53233766 1163 90 00 00
53237255 3489 80 00 00
53245396 8141 90 00 00
53246559 1163 80 00 00
53247722 1163 90 00 00
53251211 3489 80 00 00
53252374 1163 90 00 00
53255863 3489 80 00 00
53259352 3489 90 00 00
53260515 1163 80 00 00
53261678 1163 90 00 00
53262841 1163 80 00 00
53266330 3489 90 00 00
53269819 3489 80 00 00
53273308 3489 90 00 00
53274471 1163 80 00 00
53275634 1163 90 00 00
53276797 1163 80 00 00
53277960 1163 90 00 00
53279123 1163 80 00 00
53280286 1163 90 00 00
53281449 1163 80 00 00
53289590 8141 90 00 00
53290753 1163 80 00 00
53294242 3489 90 00 00
53297731 3489 80 00 00
53298894 1163 90 00 00
53300057 1163 80 00 00
53301220 1163 90 00 00
53304709 3489 80 00 00
53305872 1163 90 00 00
53309361 3489 80 00 00
53312850 3489 90 00 00
53314013 1163 80 00 00
53317502 3489 90 00 00
53318665 1163 80 00 00
53319828 1163 90 00 00
53320991 1163 80 00 00
53322154 1163 90 00 00
53323317 1163 80 00 00
53331458 8141 90 00 00
53334947 3489 80 00 00
53336110 1163 90 00 00
53339599 3489 80 00 00
53340762 1163 90 00 00
53344251 3489 80 00 00
53347740 3489 90 00 00
53348903 1163 80 00 00
53350066 1163 90 00 00
53351229 1163 80 00 00
53352392 1163 90 00 00
53355881 3489 80 00 00
53357044 1163 90 00 00
53358207 1163 80 00 00
53366348 8141 90 00 00
53367511 1163 80 00 00
53368674 1163 90 00 00
53369837 1163 80 00 00
53371000 1163 90 00 00
53374489 3489 80 00 00
53375652 1163 90 00 00
53376815 1163 80 00 00
53380304 3489 90 00 00
53381467 1163 80 00 00
53382630 1163 90 00 00
53386119 3489 80 00 00
53387282 1163 90 00 00
53388445 1163 80 00 00
53389608 1163 90 00 00
53390771 1163 80 00 00
53394260 3489 90 00 00
53395423 1163 80 00 00
53396586 1163 90 00 00
53400075 3489 80 00 00
53403564 3489 90 00 00
53407053 3489 80 00 00
53408216 1163 90 00 00
53411705 3489 80 00 00
53415194 3489 90 00 00
53416357 1163 80 00 00
53419846 3489 90 00 00
53423335 3489 80 00 00
53424498 1163 90 00 00
53427987 3489 80 00 00
53429150 1163 90 00 00
53430313 1163 80 00 00
53431476 1163 90 00 00
53432639 1163 80 00 00
53433802 1163 90 00 00
53437291 3489 80 00 00
53438454 1163 90 00 00
53441943 3489 80 00 00
53450084 8141 90 00 00
53453573 3489 80 00 00
53454736 1163 90 00 00
53455899 1163 80 00 00
53457062 1163 90 00 00
53460551 3489 80 00 00
53461714 1163 90 00 00
53462877 1163 80 00 00
53466366 3489 90 00 00
53467529 1163 80 00 00
53468692 1163 90 00 00
53472181 3489 80 00 00
53475670 3489 90 00 00
53479159 3489 80 00 00
53480322 1163 90 00 00
53483811 3489 80 00 00
53487300 3489 90 00 00
53488463 1163 80 00 00
53496604 8141 90 00 00
53497767 1163 80 00 00
53498930 1163 90 00 00
53502419 3489 80 00 00
53503582 1163 90 00 00
53507071 3489 80 00 00
53510560 3489 90 00 00
53511723 1163 80 00 00
53512886 1163 90 00 00
53514049 1163 80 00 00
53515212 1163 90 00 00
53516375 1163 80 00 00
53517538 1163 90 00 00
53518701 1163 80 00 00
53522190 3489 90 00 00
53523353 1163 80 00 00
53524516 1163 90 00 00
53525679 1163 80 00 00
53529168 3489 90 00 00
53530331 1163 80 00 00
53531494 1163 90 00 00
53532657 1163 80 00 00
53533820 1163 90 00 00
53537309 3489 80 00 00
53538472 1163 90 00 00
53539635 1163 80 00 00
53543124 3489 90 00 00
53544287 1163 80 00 00
53545450 1163 90 00 00
53546613 1163 80 00 00
53547776 1163 90 00 00
53551265 3489 80 00 00
53552428 1163 90 00 00
53553591 1163 80 00 00
53557080 3489 90 00 00
53558243 1163 80 00 00
53559406 1163 90 00 00
53562895 3489 80 00 00
53564058 1163 90 00 00
53565221 1163 80 00 00
53566384 1163 90 00 00
53567547 1163 80 00 00
53571036 3489 90 00 00
53572199 1163 80 00 00
53573362 1163 90 00 00
53574525 1163 80 00 00
53578014 3489 90 00 00
53581503 3489 80 00 00
53582666 1163 90 00 00
53583829 1163 80 00 00
53587318 3489 90 00 00
53590807 3489 80 00 00
53591970 1163 90 00 00
53595459 3489 80 00 00
53596622 1163 90 00 00
53597785 1163 80 00 00
53605926 8141 90 00 00
53609415 3489 80 00 00
53612904 3489 90 00 00
53614067 1163 80 00 00
53615230 1163 90 00 00
53616393 1163 80 00 00
53617556 1163 90 00 00
53618719 1163 80 00 00
53619882 1163 90 00 00
53621045 1163 80 00 00
53624534 3489 90 00 00
53625697 1163 80 00 00
53626860 1163 90 00 00
53630349 3489 80 00 00
53631512 1163 90 00 00
53632675 1163 80 00 00
53636164 3489 90 00 00
53639653 3489 80 00 00
53640816 1163 90 00 00
53644305 3489 80 00 00
53645468 1163 90 00 00
53648957 3489 80 00 00
53652446 3489 90 00 00
53653609 1163 80 00 00
53654772 1163 90 00 00
53655935 1163 80 00 00
53657098 1163 90 00 00
53660587 3489 80 00 00
53664076 3489 90 00 00
53667565 3489 80 00 00
53668728 1163 90 00 00
53672217 3489 80 00 00
53673380 1163 90 00 00
53674543 1163 80 00 00
53678032 3489 90 00 00
53679195 1163 80 00 00
53680358 1163 90 00 00
53681521 1163 80 00 00
53682684 1163 90 00 00
53683847 1163 80 00 00
53685010 1163 90 00 00
53686173 1163 80 00 00
53694314 8141 90 00 00
53697803 3489 80 00 00
53701292 3489 90 00 00
53702455 1163 80 00 00
53703618 1163 90 00 00
53704781 1163 80 00 00
53705944 1163 90 00 00
53707107 1163 80 00 00
53708270 1163 90 00 00
53709433 1163 80 00 00
53712922 3489 90 00 00
53714085 1163 80 00 00
53722226 8141 90 00 00
53725715 3489 80 00 00
53729204 3489 90 00 00
53730367 1163 80 00 00
53731530 1163 90 00 00
53732693 1163 80 00 00
53733856 1163 90 00 00
53737345 3489 80 00 00
53740834 3489 90 00 00
53741997 1163 80 00 00
53743160 1163 90 00 00
53746649 3489 80 00 00
53747812 1163 90 00 00
53748975 1163 80 00 00
53750138 1163 90 00 00
53751301 1163 80 00 00
53754790 3489 90 00 00
53758279 3489 80 00 00
53759442 1163 90 00 00
53762931 3489 80 00 00
53764094 1163 90 00 00
53765257 1163 80 00 00
53768746 3489 90 00 00
53769909 1163 80 00 00
53773398 3489 90 00 00
53776887 3489 80 00 00
53778050 1163 90 00 00
53779213 1163 80 00 00
53780376 1163 90 00 00
53783865 3489 80 00 00
53785028 1163 90 00 00
53788517 3489 80 00 00
53796658 8141 90 00 00
53797821 1163 80 00 00
53798984 1163 90 00 00
53802473 3489 80 00 00
53803636 1163 90 00 00
53807125 3489 80 00 00
53810614 3489 90 00 00
53814103 3489 80 00 00
53815266 1163 90 00 00
53818755 3489 80 00 00
53819918 1163 90 00 00
53823407 3489 80 00 00
53826896 3489 90 00 00
53830385 3489 80 00 00
53831548 1163 90 00 00
53835037 3489 80 00 00
53836200 1163 90 00 00
53839689 3489 80 00 00
53843178 3489 90 00 00
53846667 3489 80 00 00
53847830 1163 90 00 00
53848993 1163 80 00 00
53850156 1163 90 00 00
53851319 1163 80 00 00
53854808 3489 90 00 00
53858297 3489 80 00 00
53859460 1163 90 00 00
53862949 3489 80 00 00
53864112 1163 90 00 00
53865275 1163 80 00 00
53866438 1163 90 00 00
53867601 1163 80 00 00
53868764 1163 90 00 00
53872253 3489 80 00 00
53873416 1163 90 00 00
53876905 3489 80 00 00
53912958 36053 90 00 00
53914121 1163 80 00 00
53915284 1163 90 00 00
53918773 3489 80 00 00
53922262 3489 90 00 00
53925751 3489 80 00 00
53926914 1163 90 00 00
53928077 1163 80 00 00
53931566 3489 90 00 00
53935055 3489 80 00 00
53936218 1163 90 00 00
53937381 1163 80 00 00
53938544 1163 90 00 00
53939707 1163 80 00 00
53947848 8141 90 00 00
53951337 3489 80 00 00
53952500 1163 90 00 00
53953663 1163 80 00 00
53954826 1163 90 00 00
53955989 1163 80 00 00
53957152 1163 90 00 00
53958315 1163 80 00 00
53961804 3489 90 00 00
53962967 1163 80 00 00
53964130 1163 90 00 00
53965293 1163 80 00 00
53966456 1163 90 00 00
53969945 3489 80 00 00
53973434 3489 90 00 00
53974597 1163 80 00 00
53975760 1163 90 00 00
53979249 3489 80 00 00
53980412 1163 90 00 00
53981575 1163 80 00 00
53985064 3489 90 00 00
53988553 3489 80 00 00
53989716 1163 90 00 00
53990879 1163 80 00 00
53992042 1163 90 00 00
53993205 1163 80 00 00
53994368 1163 90 00 00
53995531 1163 80 00 00
53999020 3489 90 00 00
54000183 1163 80 00 00
54001346 1163 90 00 00
54004835 3489 80 00 00
54005998 1163 90 00 00
54007161 1163 80 00 00
54008324 1163 90 00 00
54009487 1163 80 00 00
54012976 3489 90 00 00
54014139 1163 80 00 00
54017628 3489 90 00 00
54021117 3489 80 00 00
54022280 1163 90 00 00
54023443 1163 80 00 00
54024606 1163 90 00 00
54025769 1163 80 00 00
54033910 8141 90 00 00
54035073 1163 80 00 00
54036236 1163 90 00 00
54039725 3489 80 00 00
54043214 3489 90 00 00
54044377 1163 80 00 00
54045540 1163 90 00 00
54046703 1163 80 00 00
54047866 1163 90 00 00
54049029 1163 80 00 00
54057170 8141 90 00 00
54058333 1163 80 00 00
54059496 1163 90 00 00
54060659 1163 80 00 00
54064148 3489 90 00 00
54067637 3489 80 00 00
54075778 8141 90 00 00
54079267 3489 80 00 00
54080430 1163 90 00 00
54081593 1163 80 00 00
54082756 1163 90 00 00
54086245 3489 80 00 00
54087408 1163 90 00 00
54088571 1163 80 00 00
54092060 3489 90 00 00
54093223 1163 80 00 00
54094386 1163 90 00 00
54097875 3489 80 00 00
54101364 3489 90 00 00
54104853 3489 80 00 00
54106016 1163 90 00 00
54109505 3489 80 00 00
54112994 3489 90 00 00
54114157 1163 80 00 00
54117646 3489 90 00 00
54118809 1163 80 00 00
54119972 1163 90 00 00
54121135 1163 80 00 00
54122298 1163 90 00 00
54123461 1163 80 00 00
54124624 1163 90 00 00
54128113 3489 80 00 00
54129276 1163 90 00 00
54130439 1163 80 00 00
54142912 12473 90 00 00
54146401 3489 80 00 00
54147564 1163 90 00 00
54151053 3489 80 00 00
54152216 1163 90 00 00
54155705 3489 80 00 00
54159194 3489 90 00 00
54162683 3489 80 00 00
54163846 1163 90 00 00
54165009 1163 80 00 00
54168498 3489 90 00 00
54169661 1163 80 00 00
54173150 3489 90 00 00
54176639 3489 80 00 00
54177802 1163 90 00 00
54181291 3489 80 00 00
54182454 1163 90 00 00
54183617 1163 80 00 00
54184780 1163 90 00 00
54185943 1163 80 00 00
54187106 1163 90 00 00
54190595 3489 80 00 00
54191758 1163 90 00 00
54195247 3489 80 00 00
54203388 8141 90 00 00
54206877 3489 80 00 00
54210366 3489 90 00 00
54211529 1163 80 00 00
54212692 1163 90 00 00
54216181 3489 80 00 00
54217344 1163 90 00 00
54220833 3489 80 00 00
54224322 3489 90 00 00
54227811 3489 80 00 00
54228974 1163 90 00 00
54232463 3489 80 00 00
54233626 1163 90 00 00
54237115 3489 80 00 00
54240604 3489 90 00 00
54241767 1163 80 00 00
54242930 1163 90 00 00
54244093 1163 80 00 00
54245256 1163 90 00 00
54246419 1163 80 00 00
54247582 1163 90 00 00
54251071 3489 80 00 00
54252234 1163 90 00 00
54253397 1163 80 00 00
54261538 8141 90 00 00
54265027 3489 80 00 00
54266190 1163 90 00 00
54269679 3489 80 00 00
54270842 1163 90 00 00
54274331 3489 80 00 00
54277820 3489 90 00 00
54281309 3489 80 00 00
54282472 1163 90 00 00
54283635 1163 80 00 00
54287124 3489 90 00 00
54288287 1163 80 00 00
54291776 3489 90 00 00
54295265 3489 80 00 00
54296428 1163 90 00 00
54299917 3489 80 00 00
54301080 1163 90 00 00
54302243 1163 80 00 00
54303406 1163 90 00 00
54304569 1163 80 00 00
54305732 1163 90 00 00
54309221 3489 80 00 00
54310384 1163 90 00 00
54313873 3489 80 00 00
54322014 8141 90 00 00
54325503 3489 80 00 00
54328992 3489 90 00 00
54330155 1163 80 00 00
54331318 1163 90 00 00
54334807 3489 80 00 00
54335970 1163 90 00 00
54339459 3489 80 00 00
54342948 3489 90 00 00
54346437 3489 80 00 00
54347600 1163 90 00 00
54351089 3489 80 00 00
54352252 1163 90 00 00
54355741 3489 80 00 00
54359230 3489 90 00 00
54360393 1163 80 00 00
54361556 1163 90 00 00
54362719 1163 80 00 00
54363882 1163 90 00 00
54365045 1163 80 00 00
54366208 1163 90 00 00
54369697 3489 80 00 00
54370860 1163 90 00 00
54372023 1163 80 00 00
54380164 8141 90 00 00
54381327 1163 80 00 00
54382490 1163 90 00 00
54385979 3489 80 00 00
54389468 3489 90 00 00
54392957 3489 80 00 00
54394120 1163 90 00 00
54395283 1163 80 00 00
54398772 3489 90 00 00
54402261 3489 80 00 00
54403424 1163 90 00 00
54404587 1163 80 00 00
54405750 1163 90 00 00
54406913 1163 80 00 00
54415054 8141 90 00 00
54418543 3489 80 00 00
54422032 3489 90 00 00
54423195 1163 80 00 00
54424358 1163 90 00 00
54425521 1163 80 00 00
54426684 1163 90 00 00
54427847 1163 80 00 00
54429010 1163 90 00 00
54430173 1163 80 00 00
54433662 3489 90 00 00
54434825 1163 80 00 00
54435988 1163 90 00 00
54439477 3489 80 00 00
54440640 1163 90 00 00
54441803 1163 80 00 00
54445292 3489 90 00 00
54448781 3489 80 00 00
54449944 1163 90 00 00
54453433 3489 80 00 00
54454596 1163 90 00 00
54458085 3489 80 00 00
54461574 3489 90 00 00
54462737 1163 80 00 00
54463900 1163 90 00 00
54465063 1163 80 00 00
54466226 1163 90 00 00
54469715 3489 80 00 00
54473204 3489 90 00 00
54476693 3489 80 00 00
54477856 1163 90 00 00
54481345 3489 80 00 00
54482508 1163 90 00 00
54483671 1163 80 00 00
54487160 3489 90 00 00
54488323 1163 80 00 00
54489486 1163 90 00 00
54490649 1163 80 00 00
54491812 1163 90 00 00
54492975 1163 80 00 00
54494138 1163 90 00 00
54495301 1163 80 00 00
54503442 8141 90 00 00
54504605 1163 80 00 00
54505768 1163 90 00 00
54509257 3489 80 00 00
54512746 3489 90 00 00
54516235 3489 80 00 00
54517398 1163 90 00 00
54518561 1163 80 00 00
54522050 3489 90 00 00
54525539 3489 80 00 00
54526702 1163 90 00 00
54527865 1163 80 00 00
54529028 1163 90 00 00
54530191 1163 80 00 00
54538332 8141 90 00 00
54541821 3489 80 00 00
54545310 3489 90 00 00
54546473 1163 80 00 00
54547636 1163 90 00 00
54548799 1163 80 00 00
54549962 1163 90 00 00
54551125 1163 80 00 00
54552288 1163 90 00 00
54553451 1163 80 00 00
54556940 3489 90 00 00
54558103 1163 80 00 00
54559266 1163 90 00 00
54562755 3489 80 00 00
54563918 1163 90 00 00
54565081 1163 80 00 00
54568570 3489 90 00 00
54572059 3489 80 00 00
54573222 1163 90 00 00
54576711 3489 80 00 00
54577874 1163 90 00 00
54581363 3489 80 00 00
54584852 3489 90 00 00
54586015 1163 80 00 00
54587178 1163 90 00 00
54588341 1163 80 00 00
54589504 1163 90 00 00
54592993 3489 80 00 00
54596482 3489 90 00 00
54599971 3489 80 00 00
54601134 1163 90 00 00
54604623 3489 80 00 00
54605786 1163 90 00 00
54606949 1163 80 00 00
54610438 3489 90 00 00
54611601 1163 80 00 00
54612764 1163 90 00 00
54613927 1163 80 00 00
54615090 1163 90 00 00
54616253 1163 80 00 00
54617416 1163 90 00 00
54618579 1163 80 00 00
54658176 39597 90 00 00
54661665 3489 80 00 00
54665154 3489 90 00 00
54666317 1163 80 00 00
54667480 1163 90 00 00
54668643 1163 80 00 00
54669806 1163 90 00 00
54670969 1163 80 00 00
54672132 1163 90 00 00
54673295 1163 80 00 00
54676784 3489 90 00 00
54677947 1163 80 00 00
54686088 8141 90 00 00
54687251 1163 80 00 00
54688414 1163 90 00 00
54689577 1163 80 00 00
54690740 1163 90 00 00
54691903 1163 80 00 00
54693066 1163 90 00 00
54696555 3489 80 00 00
54700044 3489 90 00 00
54703533 3489 80 00 00
54704696 1163 90 00 00
54708185 3489 80 00 00
54709348 1163 90 00 00
54712837 3489 80 00 00
54716326 3489 90 00 00
54717489 1163 80 00 00
54718652 1163 90 00 00
54722141 3489 80 00 00
54723304 1163 90 00 00
54724467 1163 80 00 00
54727956 3489 90 00 00
54729119 1163 80 00 00
54730282 1163 90 00 00
54733771 3489 80 00 00
54734934 1163 90 00 00
54738423 3489 80 00 00
54739586 1163 90 00 00
54740749 1163 80 00 00
54744238 3489 90 00 00
54745401 1163 80 00 00
54746564 1163 90 00 00
54750053 3489 80 00 00
54753542 3489 90 00 00
54754705 1163 80 00 00
54755868 1163 90 00 00
54759357 3489 80 00 00
54760520 1163 90 00 00
54761683 1163 80 00 00
54762846 1163 90 00 00
54764009 1163 80 00 00
54772150 8141 90 00 00
54775639 3489 80 00 00
54776802 1163 90 00 00
54777965 1163 80 00 00
54779128 1163 90 00 00
54780291 1163 80 00 00
54781454 1163 90 00 00
54782617 1163 80 00 00
54786106 3489 90 00 00
54787269 1163 80 00 00
54788432 1163 90 00 00
54791921 3489 80 00 00
54793084 1163 90 00 00
54794247 1163 80 00 00
54795410 1163 90 00 00
54796573 1163 80 00 00
54800062 3489 90 00 00
54801225 1163 80 00 00
54802388 1163 90 00 00
54805877 3489 80 00 00
54809366 3489 90 00 00
54812855 3489 80 00 00
54814018 1163 90 00 00
54815181 1163 80 00 00
54816344 1163 90 00 00
54817507 1163 80 00 00
54820996 3489 90 00 00
54822159 1163 80 00 00
54830300 8141 90 00 00
54831463 1163 80 00 00
54832626 1163 90 00 00
54836115 3489 80 00 00
54837278 1163 90 00 00
54840767 3489 80 00 00
54844256 3489 90 00 00
54845419 1163 80 00 00
54848908 3489 90 00 00
54852397 3489 80 00 00
54853560 1163 90 00 00
54854723 1163 80 00 00
54858212 3489 90 00 00
54861701 3489 80 00 00
54869842 8141 90 00 00
54871005 1163 80 00 00
54872168 1163 90 00 00
54873331 1163 80 00 00
54874494 1163 90 00 00
54875657 1163 80 00 00
54879146 3489 90 00 00
54882635 3489 80 00 00
54883798 1163 90 00 00
54884961 1163 80 00 00
54888450 3489 90 00 00
54889613 1163 80 00 00
54890776 1163 90 00 00
54891939 1163 80 00 00
54895428 3489 90 00 00
54898917 3489 80 00 00
54900080 1163 90 00 00
54901243 1163 80 00 00
54902406 1163 90 00 00
54905895 3489 80 00 00
54907058 1163 90 00 00
54908221 1163 80 00 00
54911710 3489 90 00 00
54915199 3489 80 00 00
54916362 1163 90 00 00
54917525 1163 80 00 00
54918688 1163 90 00 00
54922177 3489 80 00 00
54925666 3489 90 00 00
54926829 1163 80 00 00
54930318 3489 90 00 00
54931481 1163 80 00 00
54932644 1163 90 00 00
54936133 3489 80 00 00
54937296 1163 90 00 00
54938459 1163 80 00 00
54941948 3489 90 00 00
54945437 3489 80 00 00
54946600 1163 90 00 00
54947763 1163 80 00 00
54948926 1163 90 00 00
54950089 1163 80 00 00
54951252 1163 90 00 00
54952415 1163 80 00 00
54953578 1163 90 00 00
54954741 1163 80 00 00
54955904 1163 90 00 00
54959393 3489 80 00 00
54962882 3489 90 00 00
54964045 1163 80 00 00
54965208 1163 90 00 00
54966371 1163 80 00 00
54967534 1163 90 00 00
54968697 1163 80 00 00
54972186 3489 90 00 00
54975675 3489 80 00 00
54976838 1163 90 00 00
54978001 1163 80 00 00
54981490 3489 90 00 00
54982653 1163 80 00 00
54983816 1163 90 00 00
54987305 3489 80 00 00
54990794 3489 90 00 00
54994283 3489 80 00 00
54995446 1163 90 00 00
54996609 1163 80 00 00
54997772 1163 90 00 00
55001261 3489 80 00 00
55002424 1163 90 00 00
55003587 1163 80 00 00
55007076 3489 90 00 00
55010565 3489 80 00 00
55011728 1163 90 00 00
55012891 1163 80 00 00
55014054 1163 90 00 00
55017543 3489 80 00 00
55021032 3489 90 00 00
55022195 1163 80 00 00
55023358 1163 90 00 00
55024521 1163 80 00 00
55025684 1163 90 00 00
55026847 1163 80 00 00
55028010 1163 90 00 00
55031499 3489 80 00 00
55032662 1163 90 00 00
55033825 1163 80 00 00
55043776 9951 90 00 00
55044939 1163 80 00 00
55046102 1163 90 00 00
55047265 1163 80 00 00
55048428 1163 90 00 00
55049591 1163 80 00 00
55050754 1163 90 00 00
55051917 1163 80 00 00
55055406 3489 90 00 00
55056569 1163 80 00 00
55064710 8141 90 00 00
55065873 1163 80 00 00
55067036 1163 90 00 00
55070525 3489 80 00 00
55071688 1163 90 00 00
55072851 1163 80 00 00
55074014 1163 90 00 00
55075177 1163 80 00 00
55078666 3489 90 00 00
55079829 1163 80 00 00
55083318 3489 90 00 00
55084481 1163 80 00 00
55085644 1163 90 00 00
55086807 1163 80 00 00
55087970 1163 90 00 00
55091459 3489 80 00 00
55092622 1163 90 00 00
55093785 1163 80 00 00
55097274 3489 90 00 00
55100763 3489 80 00 00
55108904 8141 90 00 00
55110067 1163 80 00 00
55111230 1163 90 00 00
55112393 1163 80 00 00
55115882 3489 90 00 00
55119371 3489 80 00 00
55127512 8141 90 00 00
55131001 3489 80 00 00
55132164 1163 90 00 00
55133327 1163 80 00 00
55134490 1163 90 00 00
55135653 1163 80 00 00
55139142 3489 90 00 00
55140305 1163 80 00 00
55143794 3489 90 00 00
55144957 1163 80 00 00
55146120 1163 90 00 00
55149609 3489 80 00 00
55153098 3489 90 00 00
55156587 3489 80 00 00
55157750 1163 90 00 00
55158913 1163 80 00 00
55160076 1163 90 00 00
55161239 1163 80 00 00
55164728 3489 90 00 00
55168217 3489 80 00 00
55169380 1163 90 00 00
55172869 3489 80 00 00
55174032 1163 90 00 00
55175195 1163 80 00 00
55176358 1163 90 00 00
55177521 1163 80 00 00
55178684 1163 90 00 00
55182173 3489 80 00 00
55183336 1163 90 00 00
55186825 3489 80 00 00
55194966 8141 90 00 00
55196129 1163 80 00 00
55197292 1163 90 00 00
55200781 3489 80 00 00
55204270 3489 90 00 00
55207759 3489 80 00 00
55208922 1163 90 00 00
55210085 1163 80 00 00
55213574 3489 90 00 00
55217063 3489 80 00 00
55218226 1163 90 00 00
55219389 1163 80 00 00
55220552 1163 90 00 00
55221715 1163 80 00 00
55229856 8141 90 00 00
55231019 1163 80 00 00
55232182 1163 90 00 00
55235671 3489 80 00 00
55236834 1163 90 00 00
55240323 3489 80 00 00
55243812 3489 90 00 00
55244975 1163 80 00 00
55246138 1163 90 00 00
55247301 1163 80 00 00
55250790 3489 90 00 00
55254279 3489 80 00 00
55257768 3489 90 00 00
55258931 1163 80 00 00
55260094 1163 90 00 00
55261257 1163 80 00 00
55262420 1163 90 00 00
55263583 1163 80 00 00
55264746 1163 90 00 00
55265909 1163 80 00 00
55274050 8141 90 00 00
55275213 1163 80 00 00
55276376 1163 90 00 00
55277539 1163 80 00 00
55281028 3489 90 00 00
55284517 3489 80 00 00
55288006 3489 90 00 00
55289169 1163 80 00 00
55290332 1163 90 00 00
55291495 1163 80 00 00
55292658 1163 90 00 00
55293821 1163 80 00 00
55301962 8141 90 00 00
55303125 1163 80 00 00
55304288 1163 90 00 00
55305451 1163 80 00 00
55306614 1163 90 00 00
55307777 1163 80 00 00
55308940 1163 90 00 00
55310103 1163 80 00 00
55313592 3489 90 00 00
55314755 1163 80 00 00
55318244 3489 90 00 00
55319407 1163 80 00 00
55320570 1163 90 00 00
55324059 3489 80 00 00
55327548 3489 90 00 00
55331037 3489 80 00 00
55332200 1163 90 00 00
55333363 1163 80 00 00
55334526 1163 90 00 00
55335689 1163 80 00 00
55376064 40375 90 00 00
55377227 1163 80 00 00
55378390 1163 90 00 00
55379553 1163 80 00 00
55380716 1163 90 00 00
55381879 1163 80 00 00
55383042 1163 90 00 00
55384205 1163 80 00 00
55387694 3489 90 00 00
55388857 1163 80 00 00
55396998 8141 90 00 00
55398161 1163 80 00 00
55399324 1163 90 00 00
55402813 3489 80 00 00
55403976 1163 90 00 00
55407465 3489 80 00 00
55410954 3489 90 00 00
55412117 1163 80 00 00
55415606 3489 90 00 00
55419095 3489 80 00 00
55420258 1163 90 00 00
55421421 1163 80 00 00
55424910 3489 90 00 00
55428399 3489 80 00 00
55436540 8141 90 00 00
55440029 3489 80 00 00
55441192 1163 90 00 00
55444681 3489 80 00 00
55445844 1163 90 00 00
55447007 1163 80 00 00
55450496 3489 90 00 00
55451659 1163 80 00 00
55452822 1163 90 00 00
55456311 3489 80 00 00
55459800 3489 90 00 00
55460963 1163 80 00 00
55462126 1163 90 00 00
55465615 3489 80 00 00
55466778 1163 90 00 00
55467941 1163 80 00 00
55469104 1163 90 00 00
55470267 1163 80 00 00
55473756 3489 90 00 00
55474919 1163 80 00 00
55476082 1163 90 00 00
55477245 1163 80 00 00
55478408 1163 90 00 00
55481897 3489 80 00 00
55485386 3489 90 00 00
55488875 3489 80 00 00
55490038 1163 90 00 00
55493527 3489 80 00 00
55497016 3489 90 00 00
55498179 1163 80 00 00
55499342 1163 90 00 00
55502831 3489 80 00 00
55503994 1163 90 00 00
55507483 3489 80 00 00
55508646 1163 90 00 00
55509809 1163 80 00 00
55513298 3489 90 00 00
55514461 1163 80 00 00
55515624 1163 90 00 00
55516787 1163 80 00 00
55517950 1163 90 00 00
55519113 1163 80 00 00
55520276 1163 90 00 00
55521439 1163 80 00 00
55524928 3489 90 00 00
55526091 1163 80 00 00
55527254 1163 90 00 00
55528417 1163 80 00 00
55531906 3489 90 00 00
55535395 3489 80 00 00
55536558 1163 90 00 00
55537721 1163 80 00 00
55541210 3489 90 00 00
55544699 3489 80 00 00
55545862 1163 90 00 00
55549351 3489 80 00 00
55550514 1163 90 00 00
55551677 1163 80 00 00
55559818 8141 90 00 00
55563307 3489 80 00 00
55564470 1163 90 00 00
55565633 1163 80 00 00
55566796 1163 90 00 00
55567959 1163 80 00 00
55569122 1163 90 00 00
55570285 1163 80 00 00
55573774 3489 90 00 00
55574937 1163 80 00 00
55576100 1163 90 00 00
55579589 3489 80 00 00
55583078 3489 90 00 00
55586567 3489 80 00 00
55587730 1163 90 00 00
55588893 1163 80 00 00
55590056 1163 90 00 00
55593545 3489 80 00 00
55594708 1163 90 00 00
55595871 1163 80 00 00
55599360 3489 90 00 00
55602849 3489 80 00 00
55604012 1163 90 00 00
55605175 1163 80 00 00
55606338 1163 90 00 00
55609827 3489 80 00 00
55613316 3489 90 00 00
55614479 1163 80 00 00
55615642 1163 90 00 00
55619131 3489 80 00 00
55620294 1163 90 00 00
55621457 1163 80 00 00
55622620 1163 90 00 00
55626109 3489 80 00 00
55627272 1163 90 00 00
55628435 1163 80 00 00
55629598 1163 90 00 00
55633087 3489 80 00 00
55650560 17473 90 00 00
55651723 1163 80 00 00
55652886 1163 90 00 00
55656375 3489 80 00 00
55659864 3489 90 00 00
55663353 3489 80 00 00
55664516 1163 90 00 00
55665679 1163 80 00 00
55669168 3489 90 00 00
55672657 3489 80 00 00
55673820 1163 90 00 00
55674983 1163 80 00 00
55676146 1163 90 00 00
55677309 1163 80 00 00
55685450 8141 90 00 00
55686613 1163 80 00 00
55687776 1163 90 00 00
55688939 1163 80 00 00
55690102 1163 90 00 00
55691265 1163 80 00 00
55692428 1163 90 00 00
55693591 1163 80 00 00
55697080 3489 90 00 00
55698243 1163 80 00 00
55699406 1163 90 00 00
55702895 3489 80 00 00
55706384 3489 90 00 00
55707547 1163 80 00 00
55708710 1163 90 00 00
55709873 1163 80 00 00
55711036 1163 90 00 00
55712199 1163 80 00 00
55715688 3489 90 00 00
55719177 3489 80 00 00
55727318 8141 90 00 00
55730807 3489 80 00 00
55734296 3489 90 00 00
55735459 1163 80 00 00
55736622 1163 90 00 00
55737785 1163 80 00 00
55738948 1163 90 00 00
55740111 1163 80 00 00
55741274 1163 90 00 00
55742437 1163 80 00 00
55745926 3489 90 00 00
55749415 3489 80 00 00
55750578 1163 90 00 00
55754067 3489 80 00 00
55755230 1163 90 00 00
55758719 3489 80 00 00
55762208 3489 90 00 00
55763371 1163 80 00 00
55764534 1163 90 00 00
55765697 1163 80 00 00
55766860 1163 90 00 00
55770349 3489 80 00 00
55778490 8141 90 00 00
55779653 1163 80 00 00
55780816 1163 90 00 00
55781979 1163 80 00 00
55783142 1163 90 00 00
55784305 1163 80 00 00
55787794 3489 90 00 00
55788957 1163 80 00 00
55790120 1163 90 00 00
55793609 3489 80 00 00
55794772 1163 90 00 00
55795935 1163 80 00 00
55797098 1163 90 00 00
55798261 1163 80 00 00
55801750 3489 90 00 00
55802913 1163 80 00 00
55804076 1163 90 00 00
55807565 3489 80 00 00
55811054 3489 90 00 00
55812217 1163 80 00 00
55813380 1163 90 00 00
55814543 1163 80 00 00
55818032 3489 90 00 00
55821521 3489 80 00 00
55822684 1163 90 00 00
55823847 1163 80 00 00
55831988 8141 90 00 00
55835477 3489 80 00 00
55838966 3489 90 00 00
55840129 1163 80 00 00
55841292 1163 90 00 00
55842455 1163 80 00 00
55843618 1163 90 00 00
55844781 1163 80 00 00
55845944 1163 90 00 00
55847107 1163 80 00 00
55850596 3489 90 00 00
55851759 1163 80 00 00
55859900 8141 90 00 00
55861063 1163 80 00 00
55862226 1163 90 00 00
55865715 3489 80 00 00
55866878 1163 90 00 00
55870367 3489 80 00 00
55871530 1163 90 00 00
55875019 3489 80 00 00
55878508 3489 90 00 00
55879671 1163 80 00 00
55880834 1163 90 00 00
55884323 3489 80 00 00
55887812 3489 90 00 00
55891301 3489 80 00 00
55892464 1163 90 00 00
55893627 1163 80 00 00
55894790 1163 90 00 00
55895953 1163 80 00 00
55897116 1163 90 00 00
55898279 1163 80 00 00
55901768 3489 90 00 00
55905257 3489 80 00 00
55906420 1163 90 00 00
55907583 1163 80 00 00
55908746 1163 90 00 00
55909909 1163 80 00 00
55911072 1163 90 00 00
55912235 1163 80 00 00
55915724 3489 90 00 00
55916887 1163 80 00 00
55920376 3489 90 00 00
55921539 1163 80 00 00
55922702 1163 90 00 00
55926191 3489 80 00 00
55927354 1163 90 00 00
55928517 1163 80 00 00
55932006 3489 90 00 00
55933169 1163 80 00 00
55934332 1163 90 00 00
55937821 3489 80 00 00
55938984 1163 90 00 00
55942473 3489 80 00 00
55945962 3489 90 00 00
55949451 3489 80 00 00
55950614 1163 90 00 00
55954103 3489 80 00 00
55955266 1163 90 00 00
55958755 3489 80 00 00
55962244 3489 90 00 00
55965733 3489 80 00 00
55966896 1163 90 00 00
55968059 1163 80 00 00
55969222 1163 90 00 00
55972711 3489 80 00 00
55973874 1163 90 00 00
55975037 1163 80 00 00
55978526 3489 90 00 00
55982015 3489 80 00 00
55983178 1163 90 00 00
55984341 1163 80 00 00
55985504 1163 90 00 00
55988993 3489 80 00 00
55992482 3489 90 00 00
55993645 1163 80 00 00
55994808 1163 90 00 00
55995971 1163 80 00 00
55997134 1163 90 00 00
56000623 3489 80 00 00
56001786 1163 90 00 00
56005275 3489 80 00 00
56006438 1163 90 00 00
56007601 1163 80 00 00
56008764 1163 90 00 00
56009927 1163 80 00 00
56050304 40377 90 00 00
56053793 3489 80 00 00
56054956 1163 90 00 00
56056119 1163 80 00 00
56057282 1163 90 00 00
56060771 3489 80 00 00
56061934 1163 90 00 00
56063097 1163 80 00 00
56066586 3489 90 00 00
56070075 3489 80 00 00
56071238 1163 90 00 00
56074727 3489 80 00 00
56075890 1163 90 00 00
56079379 3489 80 00 00
56082868 3489 90 00 00
56086357 3489 80 00 00
56087520 1163 90 00 00
56091009 3489 80 00 00
56094498 3489 90 00 00
56095661 1163 80 00 00
56103802 8141 90 00 00
56107291 3489 80 00 00
56110780 3489 90 00 00
56114269 3489 80 00 00
56115432 1163 90 00 00
56118921 3489 80 00 00
56120084 1163 90 00 00
56123573 3489 80 00 00
56131714 8141 90 00 00
56135203 3489 80 00 00
56136366 1163 90 00 00
56139855 3489 80 00 00
56143344 3489 90 00 00
56146833 3489 80 00 00
56147996 1163 90 00 00
56149159 1163 80 00 00
56150322 1163 90 00 00
56153811 3489 80 00 00
56154974 1163 90 00 00
56158463 3489 80 00 00
56166604 8141 90 00 00
56167767 1163 80 00 00
56168930 1163 90 00 00
56172419 3489 80 00 00
56175908 3489 90 00 00
56177071 1163 80 00 00
56178234 1163 90 00 00
56181723 3489 80 00 00
56182886 1163 90 00 00
56184049 1163 80 00 00
56187538 3489 90 00 00
56191027 3489 80 00 00
56192190 1163 90 00 00
56195679 3489 80 00 00
56199168 3489 90 00 00
56200331 1163 80 00 00
56201494 1163 90 00 00
56202657 1163 80 00 00
56203820 1163 90 00 00
56204983 1163 80 00 00
56208472 3489 90 00 00
56211961 3489 80 00 00
56213124 1163 90 00 00
56216613 3489 80 00 00
56217776 1163 90 00 00
56218939 1163 80 00 00
56220102 1163 90 00 00
56221265 1163 80 00 00
56222428 1163 90 00 00
56225917 3489 80 00 00
56227080 1163 90 00 00
56230569 3489 80 00 00
56238710 8141 90 00 00
56242199 3489 80 00 00
56243362 1163 90 00 00
56246851 3489 80 00 00
56250340 3489 90 00 00
56253829 3489 80 00 00
56254992 1163 90 00 00
56256155 1163 80 00 00
56257318 1163 90 00 00
56260807 3489 80 00 00
56261970 1163 90 00 00
56265459 3489 80 00 00
56273600 8141 90 00 00
56277089 3489 80 00 00
56278252 1163 90 00 00
56279415 1163 80 00 00
56280578 1163 90 00 00
56281741 1163 80 00 00
56282904 1163 90 00 00
56284067 1163 80 00 00
56287556 3489 90 00 00
56288719 1163 80 00 00
56292208 3489 90 00 00
56293371 1163 80 00 00
56294534 1163 90 00 00
56298023 3489 80 00 00
56301512 3489 90 00 00
56305001 3489 80 00 00
56306164 1163 90 00 00
56309653 3489 80 00 00
56313142 3489 90 00 00
56314305 1163 80 00 00
56315468 1163 90 00 00
56316631 1163 80 00 00
56320120 3489 90 00 00
56321283 1163 80 00 00
56322446 1163 90 00 00
56323609 1163 80 00 00
56324772 1163 90 00 00
56325935 1163 80 00 00
56329424 3489 90 00 00
56330587 1163 80 00 00
56331750 1163 90 00 00
56332913 1163 80 00 00
56334076 1163 90 00 00
56335239 1163 80 00 00
56336402 1163 90 00 00
56337565 1163 80 00 00
56345706 8141 90 00 00
56349195 3489 80 00 00
56350358 1163 90 00 00
56351521 1163 80 00 00
56352684 1163 90 00 00
56353847 1163 80 00 00
56355010 1163 90 00 00
56356173 1163 80 00 00
56359662 3489 90 00 00
56363151 3489 80 00 00
56364314 1163 90 00 00
56367803 3489 80 00 00
56368966 1163 90 00 00
56372455 3489 80 00 00
56375944 3489 90 00 00
56379433 3489 80 00 00
56380596 1163 90 00 00
56381759 1163 80 00 00
56382922 1163 90 00 00
56386411 3489 80 00 00
56387574 1163 90 00 00
56391063 3489 80 00 00
56394552 3489 90 00 00
56395715 1163 80 00 00
56396878 1163 90 00 00
56398041 1163 80 00 00
56399204 1163 90 00 00
56400367 1163 80 00 00
56401530 1163 90 00 00
56405019 3489 80 00 00
56406182 1163 90 00 00
56407345 1163 80 00 00
56416320 8975 90 00 00
56419809 3489 80 00 00
56420972 1163 90 00 00
56424461 3489 80 00 00
56425624 1163 90 00 00
56429113 3489 80 00 00
56437254 8141 90 00 00
56438417 1163 80 00 00
56439580 1163 90 00 00
56440743 1163 80 00 00
56441906 1163 90 00 00
56445395 3489 80 00 00
56446558 1163 90 00 00
56447721 1163 80 00 00
56451210 3489 90 00 00
56452373 1163 80 00 00
56453536 1163 90 00 00
56457025 3489 80 00 00
56458188 1163 90 00 00
56459351 1163 80 00 00
56462840 3489 90 00 00
56464003 1163 80 00 00
56465166 1163 90 00 00
56468655 3489 80 00 00
56472144 3489 90 00 00
56475633 3489 80 00 00
56476796 1163 90 00 00
56477959 1163 80 00 00
56479122 1163 90 00 00
56480285 1163 80 00 00
56481448 1163 90 00 00
56482611 1163 80 00 00
56486100 3489 90 00 00
56487263 1163 80 00 00
56488426 1163 90 00 00
56491915 3489 80 00 00
56493078 1163 90 00 00
56496567 3489 80 00 00
56497730 1163 90 00 00
56501219 3489 80 00 00
56504708 3489 90 00 00
56508197 3489 80 00 00
56509360 1163 90 00 00
56512849 3489 80 00 00
56514012 1163 90 00 00
56517501 3489 80 00 00
56520990 3489 90 00 00
56522153 1163 80 00 00
56523316 1163 90 00 00
56524479 1163 80 00 00
56525642 1163 90 00 00
56529131 3489 80 00 00
56532620 3489 90 00 00
56533783 1163 80 00 00
56534946 1163 90 00 00
56536109 1163 80 00 00
56537272 1163 90 00 00
56538435 1163 80 00 00
56546576 8141 90 00 00
56550065 3489 80 00 00
56551228 1163 90 00 00
56552391 1163 80 00 00
56553554 1163 90 00 00
56554717 1163 80 00 00
56558206 3489 90 00 00
56559369 1163 80 00 00
56560532 1163 90 00 00
56564021 3489 80 00 00
56567510 3489 90 00 00
56570999 3489 80 00 00
56572162 1163 90 00 00
56573325 1163 80 00 00
56574488 1163 90 00 00
56577977 3489 80 00 00
56579140 1163 90 00 00
56582629 3489 80 00 00
56586118 3489 90 00 00
56587281 1163 80 00 00
56588444 1163 90 00 00
56589607 1163 80 00 00
56590770 1163 90 00 00
56591933 1163 80 00 00
56593096 1163 90 00 00
56596585 3489 80 00 00
56597748 1163 90 00 00
56598911 1163 80 00 00
56607052 8141 90 00 00
56610541 3489 80 00 00
56611704 1163 90 00 00
56612867 1163 80 00 00
56614030 1163 90 00 00
56617519 3489 80 00 00
56618682 1163 90 00 00
56619845 1163 80 00 00
56623334 3489 90 00 00
56624497 1163 80 00 00
56625660 1163 90 00 00
56629149 3489 80 00 00
56632638 3489 90 00 00
56633801 1163 80 00 00
56634964 1163 90 00 00
56638453 3489 80 00 00
56639616 1163 90 00 00
56640779 1163 80 00 00
56641942 1163 90 00 00
56643105 1163 80 00 00
56646594 3489 90 00 00
56647757 1163 80 00 00
56648920 1163 90 00 00
56652409 3489 80 00 00
56653572 1163 90 00 00
56654735 1163 80 00 00
56655898 1163 90 00 00
56657061 1163 80 00 00
56660550 3489 90 00 00
56664039 3489 80 00 00
56665202 1163 90 00 00
56668691 3489 80 00 00
56669854 1163 90 00 00
56673343 3489 80 00 00
56676832 3489 90 00 00
56680321 3489 80 00 00
56681484 1163 90 00 00
56684973 3489 80 00 00
56686136 1163 90 00 00
56689625 3489 80 00 00
56693114 3489 90 00 00
56694277 1163 80 00 00
56695440 1163 90 00 00
56696603 1163 80 00 00
56697766 1163 90 00 00
56698929 1163 80 00 00
56700092 1163 90 00 00
56701255 1163 80 00 00
56704744 3489 90 00 00
56705907 1163 80 00 00
56707070 1163 90 00 00
56708233 1163 80 00 00
56709396 1163 90 00 00
56710559 1163 80 00 00
56711722 1163 90 00 00
56715211 3489 80 00 00
56716374 1163 90 00 00
56717537 1163 80 00 00
56725678 8141 90 00 00
56729167 3489 80 00 00
56730330 1163 90 00 00
56731493 1163 80 00 00
56732656 1163 90 00 00
56736145 3489 80 00 00
56737308 1163 90 00 00
56738471 1163 80 00 00
56741960 3489 90 00 00
56743123 1163 80 00 00
56744286 1163 90 00 00
56747775 3489 80 00 00
56751264 3489 90 00 00
56752427 1163 80 00 00
56753590 1163 90 00 00
56757079 3489 80 00 00
56758242 1163 90 00 00
56759405 1163 80 00 00
56760568 1163 90 00 00
56761731 1163 80 00 00
56765220 3489 90 00 00
56766383 1163 80 00 00
56767546 1163 90 00 00
56771035 3489 80 00 00
56772198 1163 90 00 00
56773361 1163 80 00 00
56774524 1163 90 00 00
56775687 1163 80 00 00
56779176 3489 90 00 00
56780339 1163 80 00 00
56781502 1163 90 00 00
56784991 3489 80 00 00
56788480 3489 90 00 00
56791969 3489 80 00 00
56793132 1163 90 00 00
56794295 1163 80 00 00
56795458 1163 90 00 00
56798947 3489 80 00 00
56800110 1163 90 00 00
56803599 3489 80 00 00
56807088 3489 90 00 00
56808251 1163 80 00 00
56809414 1163 90 00 00
56810577 1163 80 00 00
56811740 1163 90 00 00
56812903 1163 80 00 00
56814066 1163 90 00 00
56817555 3489 80 00 00
56818718 1163 90 00 00
56819881 1163 80 00 00
56864192 44311 90 00 00
56865355 1163 80 00 00
56866518 1163 90 00 00
56867681 1163 80 00 00
56868844 1163 90 00 00
56870007 1163 80 00 00
56871170 1163 90 00 00
56872333 1163 80 00 00
56875822 3489 90 00 00
56876985 1163 80 00 00
56885126 8141 90 00 00
56888615 3489 80 00 00
56889778 1163 90 00 00
56890941 1163 80 00 00
56892104 1163 90 00 00
56895593 3489 80 00 00
56896756 1163 90 00 00
56897919 1163 80 00 00
56901408 3489 90 00 00
56902571 1163 80 00 00
56903734 1163 90 00 00
56904897 1163 80 00 00
56906060 1163 90 00 00
56907223 1163 80 00 00
56908386 1163 90 00 00
56909549 1163 80 00 00
56913038 3489 90 00 00
56916527 3489 80 00 00
56917690 1163 90 00 00
56921179 3489 80 00 00
56922342 1163 90 00 00
56925831 3489 80 00 00
56929320 3489 90 00 00
56930483 1163 80 00 00
56931646 1163 90 00 00
56935135 3489 80 00 00
56936298 1163 90 00 00
56937461 1163 80 00 00
56940950 3489 90 00 00
56944439 3489 80 00 00
56947928 3489 90 00 00
56949091 1163 80 00 00
56950254 1163 90 00 00
56953743 3489 80 00 00
56954906 1163 90 00 00
56956069 1163 80 00 00
56957232 1163 90 00 00
56958395 1163 80 00 00
56961884 3489 90 00 00
56963047 1163 80 00 00
56966536 3489 90 00 00
56970025 3489 80 00 00
56971188 1163 90 00 00
56972351 1163 80 00 00
56973514 1163 90 00 00
56974677 1163 80 00 00
56982818 8141 90 00 00
56983981 1163 80 00 00
56985144 1163 90 00 00
56986307 1163 80 00 00
56989796 3489 90 00 00
56993285 3489 80 00 00
56994448 1163 90 00 00
56995611 1163 80 00 00
57003752 8141 90 00 00
57004915 1163 80 00 00
57006078 1163 90 00 00
57007241 1163 80 00 00
57008404 1163 90 00 00
57009567 1163 80 00 00
57010730 1163 90 00 00
57011893 1163 80 00 00
57015382 3489 90 00 00
57016545 1163 80 00 00
57017708 1163 90 00 00
57018871 1163 80 00 00
57022360 3489 90 00 00
57023523 1163 80 00 00
57024686 1163 90 00 00
57025849 1163 80 00 00
57027012 1163 90 00 00
57028175 1163 80 00 00
57036316 8141 90 00 00
57037479 1163 80 00 00
57038642 1163 90 00 00
57042131 3489 80 00 00
57043294 1163 90 00 00
57046783 3489 80 00 00
57047946 1163 90 00 00
57051435 3489 80 00 00
57054924 3489 90 00 00
57058413 3489 80 00 00
57059576 1163 90 00 00
57063065 3489 80 00 00
57064228 1163 90 00 00
57067717 3489 80 00 00
57071206 3489 90 00 00
57074695 3489 80 00 00
57075858 1163 90 00 00
57077021 1163 80 00 00
57078184 1163 90 00 00
57081673 3489 80 00 00
57082836 1163 90 00 00
57086325 3489 80 00 00
57089814 3489 90 00 00
57090977 1163 80 00 00
57092140 1163 90 00 00
57095629 3489 80 00 00
57096792 1163 90 00 00
57097955 1163 80 00 00
57099118 1163 90 00 00
57102607 3489 80 00 00
57103770 1163 90 00 00
57104933 1163 80 00 00
57106096 1163 90 00 00
57109585 3489 80 00 00
57124224 14639 90 00 00
57127713 3489 80 00 00
57131202 3489 90 00 00
57132365 1163 80 00 00
57133528 1163 90 00 00
57137017 3489 80 00 00
57138180 1163 90 00 00
57141669 3489 80 00 00
57145158 3489 90 00 00
57146321 1163 80 00 00
57147484 1163 90 00 00
57150973 3489 80 00 00
57154462 3489 90 00 00
57155625 1163 80 00 00
57156788 1163 90 00 00
57157951 1163 80 00 00
57159114 1163 90 00 00
57160277 1163 80 00 00
57168418 8141 90 00 00
57171907 3489 80 00 00
57173070 1163 90 00 00
57174233 1163 80 00 00
57175396 1163 90 00 00
57176559 1163 80 00 00
57177722 1163 90 00 00
57178885 1163 80 00 00
57182374 3489 90 00 00
57183537 1163 80 00 00
57184700 1163 90 00 00
57188189 3489 80 00 00
57189352 1163 90 00 00
57190515 1163 80 00 00
57194004 3489 90 00 00
57195167 1163 80 00 00
57196330 1163 90 00 00
57197493 1163 80 00 00
57200982 3489 90 00 00
57202145 1163 80 00 00
57203308 1163 90 00 00
57206797 3489 80 00 00
57207960 1163 90 00 00
57209123 1163 80 00 00
57210286 1163 90 00 00
57211449 1163 80 00 00
57214938 3489 90 00 00
57216101 1163 80 00 00
57217264 1163 90 00 00
57220753 3489 80 00 00
57221916 1163 90 00 00
57223079 1163 80 00 00
57224242 1163 90 00 00
57225405 1163 80 00 00
57228894 3489 90 00 00
57230057 1163 80 00 00
57231220 1163 90 00 00
57232383 1163 80 00 00
57235872 3489 90 00 00
57239361 3489 80 00 00
57240524 1163 90 00 00
57244013 3489 80 00 00
57245176 1163 90 00 00
57246339 1163 80 00 00
57249828 3489 90 00 00
57253317 3489 80 00 00
57254480 1163 90 00 00
57257969 3489 80 00 00
57259132 1163 90 00 00
57260295 1163 80 00 00
57261458 1163 90 00 00
57262621 1163 80 00 00
57263784 1163 90 00 00
57267273 3489 80 00 00
57268436 1163 90 00 00
57271925 3489 80 00 00
57280066 8141 90 00 00
57281229 1163 80 00 00
57282392 1163 90 00 00
57285881 3489 80 00 00
57289370 3489 90 00 00
57292859 3489 80 00 00
57294022 1163 90 00 00
57295185 1163 80 00 00
57298674 3489 90 00 00
57302163 3489 80 00 00
57303326 1163 90 00 00
57304489 1163 80 00 00
57305652 1163 90 00 00
57306815 1163 80 00 00
57314956 8141 90 00 00
57318445 3489 80 00 00
57321934 3489 90 00 00
57323097 1163 80 00 00
57324260 1163 90 00 00
57325423 1163 80 00 00
57326586 1163 90 00 00
57327749 1163 80 00 00
57328912 1163 90 00 00
57330075 1163 80 00 00
57333564 3489 90 00 00
57334727 1163 80 00 00
57342868 8141 90 00 00
57344031 1163 80 00 00
57345194 1163 90 00 00
57346357 1163 80 00 00
57347520 1163 90 00 00
57348683 1163 80 00 00
57352172 3489 90 00 00
57353335 1163 80 00 00
57354498 1163 90 00 00
57357987 3489 80 00 00
57359150 1163 90 00 00
57360313 1163 80 00 00
57361476 1163 90 00 00
57362639 1163 80 00 00
57366128 3489 90 00 00
57367291 1163 80 00 00
57368454 1163 90 00 00
57369617 1163 80 00 00
57373106 3489 90 00 00
57376595 3489 80 00 00
57380084 3489 90 00 00
57381247 1163 80 00 00
57382410 1163 90 00 00
57383573 1163 80 00 00
57384736 1163 90 00 00
57385899 1163 80 00 00
57387062 1163 90 00 00
57388225 1163 80 00 00
57391714 3489 90 00 00
57395203 3489 80 00 00
57396366 1163 90 00 00
57397529 1163 80 00 00
57398692 1163 90 00 00
57402181 3489 80 00 00
57403344 1163 90 00 00
57406833 3489 80 00 00
57414974 8141 90 00 00
57418463 3489 80 00 00
57421952 3489 90 00 00
57425441 3489 80 00 00
57426604 1163 90 00 00
57430093 3489 80 00 00
57431256 1163 90 00 00
57434745 3489 80 00 00
57438234 3489 90 00 00
57439397 1163 80 00 00
57440560 1163 90 00 00
57441723 1163 80 00 00
57442886 1163 90 00 00
57444049 1163 80 00 00
57445212 1163 90 00 00
57448701 3489 80 00 00
57452190 3489 90 00 00
57453353 1163 80 00 00
57456842 3489 90 00 00
57458005 1163 80 00 00
57459168 1163 90 00 00
57460331 1163 80 00 00
57461494 1163 90 00 00
57462657 1163 80 00 00
57499904 37247 90 00 00
57503393 3489 80 00 00
57504556 1163 90 00 00
57505719 1163 80 00 00
57506882 1163 90 00 00
57508045 1163 80 00 00
57511534 3489 90 00 00
57512697 1163 80 00 00
57513860 1163 90 00 00
57515023 1163 80 00 00
57518512 3489 90 00 00
57522001 3489 80 00 00
57523164 1163 90 00 00
57524327 1163 80 00 00
57525490 1163 90 00 00
57526653 1163 80 00 00
57534794 8141 90 00 00
57538283 3489 80 00 00
57539446 1163 90 00 00
57542935 3489 80 00 00
57544098 1163 90 00 00
57545261 1163 80 00 00
57548750 3489 90 00 00
57552239 3489 80 00 00
57553402 1163 90 00 00
57554565 1163 80 00 00
57555728 1163 90 00 00
57559217 3489 80 00 00
57560380 1163 90 00 00
57563869 3489 80 00 00
57567358 3489 90 00 00
57568521 1163 80 00 00
57569684 1163 90 00 00
57573173 3489 80 00 00
57574336 1163 90 00 00
57575499 1163 80 00 00
57578988 3489 90 00 00
57580151 1163 80 00 00
57588292 8141 90 00 00
57589455 1163 80 00 00
57590618 1163 90 00 00
57594107 3489 80 00 00
57597596 3489 90 00 00
57601085 3489 80 00 00
57602248 1163 90 00 00
57603411 1163 80 00 00
57606900 3489 90 00 00
57610389 3489 80 00 00
57611552 1163 90 00 00
57612715 1163 80 00 00
57613878 1163 90 00 00
57615041 1163 80 00 00
57623182 8141 90 00 00
57626671 3489 80 00 00
57627834 1163 90 00 00
57631323 3489 80 00 00
57632486 1163 90 00 00
57633649 1163 80 00 00
57637138 3489 90 00 00
57638301 1163 80 00 00
57639464 1163 90 00 00
57640627 1163 80 00 00
57644116 3489 90 00 00
57647605 3489 80 00 00
57648768 1163 90 00 00
57652257 3489 80 00 00
57655746 3489 90 00 00
57659235 3489 80 00 00
57660398 1163 90 00 00
57661561 1163 80 00 00
57662724 1163 90 00 00
57663887 1163 80 00 00
57665050 1163 90 00 00
57666213 1163 80 00 00
57669702 3489 90 00 00
57670865 1163 80 00 00
57672028 1163 90 00 00
57675517 3489 80 00 00
57676680 1163 90 00 00
57677843 1163 80 00 00
57679006 1163 90 00 00
57680169 1163 80 00 00
57683658 3489 90 00 00
57684821 1163 80 00 00
57692962 8141 90 00 00
57694125 1163 80 00 00
57695288 1163 90 00 00
57696451 1163 80 00 00
57699940 3489 90 00 00
57703429 3489 80 00 00
57704592 1163 90 00 00
57705755 1163 80 00 00
57713896 8141 90 00 00
57717385 3489 80 00 00
57720874 3489 90 00 00
57722037 1163 80 00 00
57723200 1163 90 00 00
57724363 1163 80 00 00
57725526 1163 90 00 00
57726689 1163 80 00 00
57727852 1163 90 00 00
57729015 1163 80 00 00
57732504 3489 90 00 00
57733667 1163 80 00 00
57741808 8141 90 00 00
57742971 1163 80 00 00
57744134 1163 90 00 00
57747623 3489 80 00 00
57748786 1163 90 00 00
57752275 3489 80 00 00
57755764 3489 90 00 00
57756927 1163 80 00 00
57758090 1163 90 00 00
57761579 3489 80 00 00
57765068 3489 90 00 00
57768557 3489 80 00 00
57769720 1163 90 00 00
57770883 1163 80 00 00
57772046 1163 90 00 00
57773209 1163 80 00 00
57774372 1163 90 00 00
57775535 1163 80 00 00
57779024 3489 90 00 00
57780187 1163 80 00 00
57783676 3489 90 00 00
57787165 3489 80 00 00
57788328 1163 90 00 00
57791817 3489 80 00 00
57792980 1163 90 00 00
57796469 3489 80 00 00
57797632 1163 90 00 00
57798795 1163 80 00 00
57799958 1163 90 00 00
57801121 1163 80 00 00
57802284 1163 90 00 00
57803447 1163 80 00 00
57812928 9481 90 00 00
57814091 1163 80 00 00
57815254 1163 90 00 00
57818743 3489 80 00 00
57822232 3489 90 00 00
57823395 1163 80 00 00
57824558 1163 90 00 00
57828047 3489 80 00 00
57829210 1163 90 00 00
57830373 1163 80 00 00
57831536 1163 90 00 00
57832699 1163 80 00 00
57836188 3489 90 00 00
57837351 1163 80 00 00
57838514 1163 90 00 00
57842003 3489 80 00 00
57843166 1163 90 00 00
57844329 1163 80 00 00
57845492 1163 90 00 00
57846655 1163 80 00 00
57854796 8141 90 00 00
57858285 3489 80 00 00
57859448 1163 90 00 00
57862937 3489 80 00 00
57866426 3489 90 00 00
57867589 1163 80 00 00
57868752 1163 90 00 00
57869915 1163 80 00 00
57873404 3489 90 00 00
57876893 3489 80 00 00
57878056 1163 90 00 00
57881545 3489 80 00 00
57885034 3489 90 00 00
57886197 1163 80 00 00
57887360 1163 90 00 00
57888523 1163 80 00 00
57889686 1163 90 00 00
57890849 1163 80 00 00
57894338 3489 90 00 00
57897827 3489 80 00 00
57898990 1163 90 00 00
57900153 1163 80 00 00
57901316 1163 90 00 00
57904805 3489 80 00 00
57905968 1163 90 00 00
57909457 3489 80 00 00
57917598 8141 90 00 00
57918761 1163 80 00 00
57919924 1163 90 00 00
57923413 3489 80 00 00
57924576 1163 90 00 00
57928065 3489 80 00 00
57931554 3489 90 00 00
57932717 1163 80 00 00
57936206 3489 90 00 00
57937369 1163 80 00 00
57938532 1163 90 00 00
57942021 3489 80 00 00
57943184 1163 90 00 00
57944347 1163 80 00 00
57947836 3489 90 00 00
57948999 1163 80 00 00
57957140 8141 90 00 00
57960629 3489 80 00 00
57964118 3489 90 00 00
57965281 1163 80 00 00
57966444 1163 90 00 00
57967607 1163 80 00 00
57968770 1163 90 00 00
57969933 1163 80 00 00
57971096 1163 90 00 00
57972259 1163 80 00 00
57975748 3489 90 00 00
57976911 1163 80 00 00
57985052 8141 90 00 00
57988541 3489 80 00 00
57989704 1163 90 00 00
57990867 1163 80 00 00
57992030 1163 90 00 00
57993193 1163 80 00 00
57994356 1163 90 00 00
57995519 1163 80 00 00
57999008 3489 90 00 00
58002497 3489 80 00 00
58003660 1163 90 00 00
58007149 3489 80 00 00
58008312 1163 90 00 00
58011801 3489 80 00 00
58015290 3489 90 00 00
58016453 1163 80 00 00
58017616 1163 90 00 00
58021105 3489 80 00 00
58022268 1163 90 00 00
58023431 1163 80 00 00
58026920 3489 90 00 00
58030409 3489 80 00 00
58031572 1163 90 00 00
58035061 3489 80 00 00
58036224 1163 90 00 00
58039713 3489 80 00 00
58043202 3489 90 00 00
58046691 3489 80 00 00
58047854 1163 90 00 00
58051343 3489 80 00 00
58052506 1163 90 00 00
58053669 1163 80 00 00
58057158 3489 90 00 00
58060647 3489 80 00 00
58061810 1163 90 00 00
58065299 3489 80 00 00
58066462 1163 90 00 00
58069951 3489 80 00 00
58073440 3489 90 00 00
58074603 1163 80 00 00
58075766 1163 90 00 00
58076929 1163 80 00 00
58078092 1163 90 00 00
58079255 1163 80 00 00
58080418 1163 90 00 00
58083907 3489 80 00 00
58087396 3489 90 00 00
58088559 1163 80 00 00
58092048 3489 90 00 00
58093211 1163 80 00 00
58094374 1163 90 00 00
58095537 1163 80 00 00
58096700 1163 90 00 00
58097863 1163 80 00 00
58101352 3489 90 00 00
58104841 3489 80 00 00
58106004 1163 90 00 00
58109493 3489 80 00 00
58110656 1163 90 00 00
58111819 1163 80 00 00
58112982 1163 90 00 00
58114145 1163 80 00 00
58115308 1163 90 00 00
58118797 3489 80 00 00
58119960 1163 90 00 00
58123449 3489 80 00 00
58159680 36231 90 00 00
58160843 1163 80 00 00
58162006 1163 90 00 00
58165495 3489 80 00 00
58168984 3489 90 00 00
58172473 3489 80 00 00
58173636 1163 90 00 00
58174799 1163 80 00 00
58178288 3489 90 00 00
58181777 3489 80 00 00
58182940 1163 90 00 00
58184103 1163 80 00 00
58185266 1163 90 00 00
58186429 1163 80 00 00
58194570 8141 90 00 00
58198059 3489 80 00 00
58201548 3489 90 00 00
58202711 1163 80 00 00
58203874 1163 90 00 00
58205037 1163 80 00 00
58206200 1163 90 00 00
58207363 1163 80 00 00
58208526 1163 90 00 00
58209689 1163 80 00 00
58213178 3489 90 00 00
58214341 1163 80 00 00
58222482 8141 90 00 00
58225971 3489 80 00 00
58227134 1163 90 00 00
58230623 3489 80 00 00
58234112 3489 90 00 00
58237601 3489 80 00 00
58238764 1163 90 00 00
58242253 3489 80 00 00
58243416 1163 90 00 00
58246905 3489 80 00 00
58250394 3489 90 00 00
58253883 3489 80 00 00
58255046 1163 90 00 00
58258535 3489 80 00 00
58262024 3489 90 00 00
58263187 1163 80 00 00
58271328 8141 90 00 00
58272491 1163 80 00 00
58273654 1163 90 00 00
58277143 3489 80 00 00
58278306 1163 90 00 00
58279469 1163 80 00 00
58282958 3489 90 00 00
58284121 1163 80 00 00
58285284 1163 90 00 00
58288773 3489 80 00 00
58292262 3489 90 00 00
58295751 3489 80 00 00
58299240 3489 90 00 00
58300403 1163 80 00 00
58301566 1163 90 00 00
58302729 1163 80 00 00
58303892 1163 90 00 00
58305055 1163 80 00 00
58306218 1163 90 00 00
58307381 1163 80 00 00
58310870 3489 90 00 00
58312033 1163 80 00 00
58313196 1163 90 00 00
58314359 1163 80 00 00
58315522 1163 90 00 00
58316685 1163 80 00 00
58324826 8141 90 00 00
58328315 3489 80 00 00
58329478 1163 90 00 00
58332967 3489 80 00 00
58334130 1163 90 00 00
58337619 3489 80 00 00
58341108 3489 90 00 00
58342271 1163 80 00 00
58343434 1163 90 00 00
58344597 1163 80 00 00
58345760 1163 90 00 00
58349249 3489 80 00 00
58352738 3489 90 00 00
58356227 3489 80 00 00
58359716 3489 90 00 00
58363205 3489 80 00 00
58364368 1163 90 00 00
58367857 3489 80 00 00
58369020 1163 90 00 00
58370183 1163 80 00 00
58373672 3489 90 00 00
58374835 1163 80 00 00
58375998 1163 90 00 00
58379487 3489 80 00 00
58380650 1163 90 00 00
58381813 1163 80 00 00
58385302 3489 90 00 00
58386465 1163 80 00 00
58387628 1163 90 00 00
58391117 3489 80 00 00
58394606 3489 90 00 00
58398095 3489 80 00 00
58399258 1163 90 00 00
58400421 1163 80 00 00
58401584 1163 90 00 00
58402747 1163 80 00 00
58403910 1163 90 00 00
58405073 1163 80 00 00
58408562 3489 90 00 00
58409725 1163 80 00 00
58413214 3489 90 00 00
58414377 1163 80 00 00
58415540 1163 90 00 00
58419029 3489 80 00 00
58420192 1163 90 00 00
58421355 1163 80 00 00
58422518 1163 90 00 00
58426007 3489 80 00 00
58427170 1163 90 00 00
58428333 1163 80 00 00
58429496 1163 90 00 00
58432985 3489 80 00 00
}

proc read-file {file} {
    set fp [open $file r]
    set data [read $fp]
    close $fp
    return $data
}

foreach arg $argv {
    puts $arg
    set ::count [dict create]
    foreach {time dtime cmd note vel} [string trim [read-file $arg]] {
	dict incr ::count $dtime
    }
    foreach dtime [lsort -integer [dict keys $::count]] {
	if {! [info exists min]} {
	    set min $dtime
	}
	puts "[format %.2f [expr {double($dtime)/$min}]] $dtime [dict get $::count $dtime]"
    }
    unset ::min
}
